 StartblockIndex 100 
Preblocks 1 
testRatio 0.100000
 1	18 	7763751.698 
testRatio 0.200000
 3	18 	7553413.147 
testRatio 0.300000
 5	18 	8479226.408 
testRatio 0.400000
 7	18 	10356877.869 
testRatio 0.500000
 9	18 	8660166.040 
Preblocks 2 
testRatio 0.100000
 2	24 	7531004.088 
testRatio 0.200000
 4	24 	11058567.198 
testRatio 0.300000
 7	24 	5642909.400 
testRatio 0.400000
 9	24 	7882625.655 
testRatio 0.500000
 12	24 	11300936.615 
Preblocks 3 
testRatio 0.100000
 3	36 	5237816.711 
testRatio 0.200000
 7	36 	5100998.009 
testRatio 0.300000
 10	36 	10611176.637 
testRatio 0.400000
 14	36 	10674457.012 
testRatio 0.500000
 18	36 	10040160.843 
Preblocks 4 
testRatio 0.100000
 13	132 	8809310.438 
testRatio 0.200000
 26	132 	7470614.058 
testRatio 0.300000
 39	132 	7009185.761 
testRatio 0.400000
 52	132 	6069638.697 
testRatio 0.500000
 66	132 	4129008.523 
Preblocks 5 
testRatio 0.100000
 14	144 	8576550.944 
testRatio 0.200000
 28	144 	6208175.637 
testRatio 0.300000
 43	144 	5563513.098 
testRatio 0.400000
 57	144 	5754024.465 
testRatio 0.500000
 72	144 	4156029.495 
Preblocks 6 
testRatio 0.100000
 23	234 	6751889.356 
testRatio 0.200000
 46	234 	4875194.156 
testRatio 0.300000
 70	234 	4461520.577 
testRatio 0.400000
 93	234 	3591903.041 
testRatio 0.500000
 117	234 	3297998.640 
Preblocks 7 
testRatio 0.100000
 23	239 	6756074.635 
testRatio 0.200000
 47	239 	4763635.935 
testRatio 0.300000
 71	239 	3920295.985 
testRatio 0.400000
 95	239 	3755646.822 
testRatio 0.500000
 119	239 	3017656.810 
Preblocks 8 
testRatio 0.100000
 24	248 	6731226.922 
testRatio 0.200000
 49	248 	4667347.715 
testRatio 0.300000
 74	248 	3878332.506 
testRatio 0.400000
 99	248 	3541510.365 
testRatio 0.500000
 124	248 	3322695.020 
Preblocks 9 
testRatio 0.100000
 32	322 	5766327.214 
testRatio 0.200000
 64	322 	4392762.945 
testRatio 0.300000
 96	322 	3485913.850 
testRatio 0.400000
 128	322 	3166807.209 
testRatio 0.500000
 161	322 	3194084.469 
Preblocks 10 
testRatio 0.100000
 35	356 	5525079.602 
testRatio 0.200000
 71	356 	3899653.592 
testRatio 0.300000
 106	356 	3194682.846 
testRatio 0.400000
 142	356 	2785939.819 
testRatio 0.500000
 178	356 	2898404.968 
Preblocks 11 
testRatio 0.100000
 45	457 	4866776.064 
testRatio 0.200000
 91	457 	3446754.384 
testRatio 0.300000
 137	457 	2844528.699 
testRatio 0.400000
 182	457 	2452074.003 
testRatio 0.500000
 228	457 	2204406.417 
Preblocks 12 
testRatio 0.100000
 56	569 	4375037.765 
testRatio 0.200000
 113	569 	3102180.834 
testRatio 0.300000
 170	569 	2529543.002 
testRatio 0.400000
 227	569 	2190112.447 
testRatio 0.500000
 284	569 	2035905.015 
Preblocks 13 
testRatio 0.100000
 58	585 	4317946.540 
testRatio 0.200000
 117	585 	3043990.430 
testRatio 0.300000
 175	585 	2498946.618 
testRatio 0.400000
 234	585 	2165919.927 
testRatio 0.500000
 292	585 	1936271.005 
Preblocks 14 
testRatio 0.100000
 67	676 	4009387.870 
testRatio 0.200000
 135	676 	2836566.180 
testRatio 0.300000
 202	676 	2321678.241 
testRatio 0.400000
 270	676 	2009985.175 
testRatio 0.500000
 338	676 	1797229.860 
Preblocks 15 
testRatio 0.100000
 68	686 	3995550.792 
testRatio 0.200000
 137	686 	2817932.798 
testRatio 0.300000
 205	686 	2305154.327 
testRatio 0.400000
 274	686 	1995501.540 
testRatio 0.500000
 343	686 	1785039.943 
Preblocks 16 
testRatio 0.100000
 70	701 	3928708.939 
testRatio 0.200000
 140	701 	2785176.249 
testRatio 0.300000
 210	701 	2296303.160 
testRatio 0.400000
 280	701 	1974362.461 
testRatio 0.500000
 350	701 	1766344.745 
Preblocks 17 
testRatio 0.100000
 71	710 	3901573.920 
testRatio 0.200000
 142	710 	2767471.952 
testRatio 0.300000
 213	710 	2344129.067 
testRatio 0.400000
 284	710 	1961364.509 
testRatio 0.500000
 355	710 	1754811.060 
Preblocks 18 
testRatio 0.100000
 72	726 	3866789.154 
testRatio 0.200000
 145	726 	2737078.551 
testRatio 0.300000
 217	726 	2240861.727 
testRatio 0.400000
 290	726 	1943971.278 
testRatio 0.500000
 363	726 	1800644.886 
Preblocks 19 
testRatio 0.100000
 74	742 	3827887.499 
testRatio 0.200000
 148	742 	2709406.168 
testRatio 0.300000
 222	742 	2252722.932 
testRatio 0.400000
 296	742 	1943416.519 
testRatio 0.500000
 371	742 	1715833.863 
Preblocks 20 
testRatio 0.100000
 74	746 	3821541.266 
testRatio 0.200000
 149	746 	2702500.941 
testRatio 0.300000
 223	746 	2210248.531 
testRatio 0.400000
 298	746 	1913811.724 
testRatio 0.500000
 373	746 	1713429.013 
Preblocks 21 
testRatio 0.100000
 79	795 	3705027.374 
testRatio 0.200000
 159	795 	2652094.931 
testRatio 0.300000
 238	795 	2139086.103 
testRatio 0.400000
 318	795 	1868532.452 
testRatio 0.500000
 397	795 	1662555.270 
Preblocks 22 
testRatio 0.100000
 81	812 	3648927.574 
testRatio 0.200000
 162	812 	2590041.523 
testRatio 0.300000
 243	812 	2119922.971 
testRatio 0.400000
 324	812 	1838346.611 
testRatio 0.500000
 406	812 	1640338.480 
Preblocks 23 
testRatio 0.100000
 86	869 	3557301.894 
testRatio 0.200000
 173	869 	2509246.069 
testRatio 0.300000
 260	869 	2048454.772 
testRatio 0.400000
 347	869 	1859615.630 
testRatio 0.500000
 434	869 	1590084.374 
Preblocks 24 
testRatio 0.100000
 88	881 	3517049.333 
testRatio 0.200000
 176	881 	2487728.755 
testRatio 0.300000
 264	881 	2035851.615 
testRatio 0.400000
 352	881 	1766143.556 
testRatio 0.500000
 440	881 	1579241.901 
Preblocks 25 
testRatio 0.100000
 93	933 	3420937.526 
testRatio 0.200000
 186	933 	2419068.149 
testRatio 0.300000
 279	933 	1978161.514 
testRatio 0.400000
 373	933 	1712203.430 
testRatio 0.500000
 466	933 	1535833.077 
Preblocks 26 
testRatio 0.100000
 101	1014 	3275621.037 
testRatio 0.200000
 202	1014 	2322796.720 
testRatio 0.300000
 304	1014 	1901000.655 
testRatio 0.400000
 405	1014 	1642384.203 
testRatio 0.500000
 507	1014 	1469434.342 
Preblocks 27 
testRatio 0.100000
 111	1116 	3131313.751 
testRatio 0.200000
 223	1116 	2210835.915 
testRatio 0.300000
 334	1116 	1808425.634 
testRatio 0.400000
 446	1116 	1565671.193 
testRatio 0.500000
 558	1116 	1401033.929 
Preblocks 28 
testRatio 0.100000
 113	1138 	3096280.213 
testRatio 0.200000
 227	1138 	2190457.200 
testRatio 0.300000
 341	1138 	1789399.950 
testRatio 0.400000
 455	1138 	1549901.755 
testRatio 0.500000
 569	1138 	1388133.594 
Preblocks 29 
testRatio 0.100000
 126	1269 	2939089.055 
testRatio 0.200000
 253	1269 	2075521.039 
testRatio 0.300000
 380	1269 	1695806.580 
testRatio 0.400000
 507	1269 	1468599.715 
testRatio 0.500000
 634	1269 	1314642.021 
Preblocks 30 
testRatio 0.100000
 128	1283 	2917770.752 
testRatio 0.200000
 256	1283 	2063983.225 
testRatio 0.300000
 384	1283 	1686794.335 
testRatio 0.400000
 513	1283 	1459995.324 
testRatio 0.500000
 641	1283 	1307471.994 
Preblocks 31 
testRatio 0.100000
 130	1308 	2889493.093 
testRatio 0.200000
 261	1308 	2045588.960 
testRatio 0.300000
 392	1308 	1669593.813 
testRatio 0.400000
 523	1308 	1446401.071 
testRatio 0.500000
 654	1308 	1294454.850 
Preblocks 32 
testRatio 0.100000
 137	1370 	2817238.976 
testRatio 0.200000
 274	1370 	1996563.470 
testRatio 0.300000
 411	1370 	1630686.829 
testRatio 0.400000
 548	1370 	1413814.893 
testRatio 0.500000
 685	1370 	1266191.215 
Preblocks 33 
testRatio 0.100000
 142	1426 	2770670.134 
testRatio 0.200000
 285	1426 	1956634.276 
testRatio 0.300000
 427	1426 	1599758.429 
testRatio 0.400000
 570	1426 	1387729.656 
testRatio 0.500000
 713	1426 	1241866.987 
Preblocks 34 
testRatio 0.100000
 150	1507 	2692866.687 
testRatio 0.200000
 301	1507 	1904988.373 
testRatio 0.300000
 452	1507 	1556840.672 
testRatio 0.400000
 602	1507 	1351493.234 
testRatio 0.500000
 753	1507 	1207256.848 
Preblocks 35 
testRatio 0.100000
 151	1512 	2686736.360 
testRatio 0.200000
 302	1512 	1901924.369 
testRatio 0.300000
 453	1512 	1553278.184 
testRatio 0.400000
 604	1512 	1347350.218 
testRatio 0.500000
 756	1512 	1212953.739 
Preblocks 36 
testRatio 0.100000
 156	1568 	2641372.715 
testRatio 0.200000
 313	1568 	1867743.785 
testRatio 0.300000
 470	1568 	1525462.778 
testRatio 0.400000
 627	1568 	1322038.429 
testRatio 0.500000
 784	1568 	1183840.803 
Preblocks 37 
testRatio 0.100000
 157	1576 	2632671.601 
testRatio 0.200000
 315	1576 	1861796.970 
testRatio 0.300000
 472	1576 	1521850.094 
testRatio 0.400000
 630	1576 	1318707.318 
testRatio 0.500000
 788	1576 	1180874.844 
Preblocks 38 
testRatio 0.100000
 158	1585 	2626461.445 
testRatio 0.200000
 317	1585 	1856204.498 
testRatio 0.300000
 475	1585 	1517075.140 
testRatio 0.400000
 634	1585 	1314563.977 
testRatio 0.500000
 792	1585 	1177720.668 
Preblocks 39 
testRatio 0.100000
 160	1601 	2607610.931 
testRatio 0.200000
 320	1601 	1846923.381 
testRatio 0.300000
 480	1601 	1509206.615 
testRatio 0.400000
 640	1601 	1308597.129 
testRatio 0.500000
 800	1601 	1171850.394 
Preblocks 40 
testRatio 0.100000
 163	1631 	2584337.275 
testRatio 0.200000
 326	1631 	1830046.130 
testRatio 0.300000
 489	1631 	1506020.259 
testRatio 0.400000
 652	1631 	1296429.542 
testRatio 0.500000
 815	1631 	1161077.519 
Preblocks 41 
testRatio 0.100000
 164	1648 	2577584.972 
testRatio 0.200000
 329	1648 	1821800.982 
testRatio 0.300000
 494	1648 	1487706.320 
testRatio 0.400000
 659	1648 	1289546.445 
testRatio 0.500000
 824	1648 	1157263.020 
Preblocks 42 
testRatio 0.100000
 166	1662 	2562414.829 
testRatio 0.200000
 332	1662 	1814184.237 
testRatio 0.300000
 498	1662 	1482209.290 
testRatio 0.400000
 664	1662 	1284732.580 
testRatio 0.500000
 831	1662 	1149866.331 
Preblocks 43 
testRatio 0.100000
 170	1700 	2531524.784 
testRatio 0.200000
 340	1700 	1792134.472 
testRatio 0.300000
 510	1700 	1464348.956 
testRatio 0.400000
 680	1700 	1269511.639 
testRatio 0.500000
 850	1700 	1136969.651 
Preblocks 44 
testRatio 0.100000
 176	1769 	2488076.933 
testRatio 0.200000
 353	1769 	1759397.772 
testRatio 0.300000
 530	1769 	1440459.203 
testRatio 0.400000
 707	1769 	1245900.436 
testRatio 0.500000
 884	1769 	1114959.884 
Preblocks 45 
testRatio 0.100000
 187	1873 	2415012.653 
testRatio 0.200000
 374	1873 	1709057.871 
testRatio 0.300000
 561	1873 	1397447.262 
testRatio 0.400000
 749	1873 	1210503.344 
testRatio 0.500000
 936	1873 	1089631.245 
Preblocks 46 
testRatio 0.100000
 188	1887 	2408654.636 
testRatio 0.200000
 377	1887 	1702809.466 
testRatio 0.300000
 566	1887 	1391175.100 
testRatio 0.400000
 754	1887 	1206536.014 
testRatio 0.500000
 943	1887 	1087533.281 
Preblocks 47 
testRatio 0.100000
 196	1965 	2357906.383 
testRatio 0.200000
 393	1965 	1667883.782 
testRatio 0.300000
 589	1965 	1363804.806 
testRatio 0.400000
 786	1965 	1182268.665 
testRatio 0.500000
 982	1965 	1062899.420 
Preblocks 48 
testRatio 0.100000
 196	1969 	2358933.008 
testRatio 0.200000
 393	1969 	1667115.503 
testRatio 0.300000
 590	1969 	1362735.714 
testRatio 0.400000
 787	1969 	1182057.361 
testRatio 0.500000
 984	1969 	1061826.509 
Preblocks 49 
testRatio 0.100000
 204	2049 	2311528.275 
testRatio 0.200000
 409	2049 	1634471.732 
testRatio 0.300000
 614	2049 	1335792.972 
testRatio 0.400000
 819	2049 	1158649.993 
testRatio 0.500000
 1024	2049 	1052332.144 
Preblocks 50 
testRatio 0.100000
 208	2081 	2290040.604 
testRatio 0.200000
 416	2081 	1621066.216 
testRatio 0.300000
 624	2081 	1325347.129 
testRatio 0.400000
 832	2081 	1149314.901 
testRatio 0.500000
 1040	2081 	1044421.300 
Preblocks 51 
testRatio 0.100000
 222	2222 	2214666.461 
testRatio 0.200000
 444	2222 	1569095.339 
testRatio 0.300000
 666	2222 	1282758.562 
testRatio 0.400000
 888	2222 	1112554.547 
testRatio 0.500000
 1111	2222 	1010903.132 
Preblocks 52 
testRatio 0.100000
 223	2238 	2212003.372 
testRatio 0.200000
 447	2238 	1563921.216 
testRatio 0.300000
 671	2238 	1278019.792 
testRatio 0.400000
 895	2238 	1109462.314 
testRatio 0.500000
 1119	2238 	1007581.324 
Preblocks 53 
testRatio 0.100000
 228	2283 	2186725.875 
testRatio 0.200000
 456	2283 	1548339.345 
testRatio 0.300000
 684	2283 	1265931.088 
testRatio 0.400000
 913	2283 	1098044.444 
testRatio 0.500000
 1141	2283 	997764.583 
Preblocks 54 
testRatio 0.100000
 231	2315 	2173290.125 
testRatio 0.200000
 463	2315 	1536891.040 
testRatio 0.300000
 694	2315 	1257502.750 
testRatio 0.400000
 926	2315 	1094481.593 
testRatio 0.500000
 1157	2315 	991672.949 
Preblocks 55 
testRatio 0.100000
 235	2350 	2154319.038 
testRatio 0.200000
 470	2350 	1526101.897 
testRatio 0.300000
 705	2350 	1247782.515 
testRatio 0.400000
 940	2350 	1085884.219 
testRatio 0.500000
 1175	2350 	984269.753 
Preblocks 56 
testRatio 0.100000
 236	2364 	2149159.451 
testRatio 0.200000
 472	2364 	1522245.319 
testRatio 0.300000
 709	2364 	1244242.148 
testRatio 0.400000
 945	2364 	1083478.888 
testRatio 0.500000
 1182	2364 	981738.299 
Preblocks 57 
testRatio 0.100000
 243	2437 	2118823.809 
testRatio 0.200000
 487	2437 	1498652.042 
testRatio 0.300000
 731	2437 	1225443.709 
testRatio 0.400000
 974	2437 	1067238.339 
testRatio 0.500000
 1218	2437 	967298.635 
Preblocks 58 
testRatio 0.100000
 247	2475 	2101848.557 
testRatio 0.200000
 495	2475 	1486580.526 
testRatio 0.300000
 742	2475 	1216326.973 
testRatio 0.400000
 990	2475 	1058648.602 
testRatio 0.500000
 1237	2475 	960754.187 
Preblocks 59 
testRatio 0.100000
 259	2593 	2054394.745 
testRatio 0.200000
 518	2593 	1452933.884 
testRatio 0.300000
 777	2593 	1188768.509 
testRatio 0.400000
 1037	2593 	1045738.010 
testRatio 0.500000
 1296	2593 	938997.470 
Preblocks 60 
testRatio 0.100000
 262	2626 	2042439.194 
testRatio 0.200000
 525	2626 	1443558.887 
testRatio 0.300000
 787	2626 	1181535.263 
testRatio 0.400000
 1050	2626 	1039433.169 
testRatio 0.500000
 1313	2626 	932769.627 
Preblocks 61 
testRatio 0.100000
 269	2698 	2015958.332 
testRatio 0.200000
 539	2698 	1424732.520 
testRatio 0.300000
 809	2698 	1165400.905 
testRatio 0.400000
 1079	2698 	1024646.816 
testRatio 0.500000
 1349	2698 	920746.724 
Preblocks 62 
testRatio 0.100000
 270	2702 	2011622.943 
testRatio 0.200000
 540	2702 	1423295.613 
testRatio 0.300000
 810	2702 	1164624.437 
testRatio 0.400000
 1080	2702 	1024419.042 
testRatio 0.500000
 1351	2702 	919908.227 
Preblocks 63 
testRatio 0.100000
 274	2743 	1997425.119 
testRatio 0.200000
 548	2743 	1413956.250 
testRatio 0.300000
 822	2743 	1156215.667 
testRatio 0.400000
 1097	2743 	1017067.728 
testRatio 0.500000
 1371	2743 	913719.113 
Preblocks 64 
testRatio 0.100000
 288	2883 	1948259.082 
testRatio 0.200000
 576	2883 	1379359.913 
testRatio 0.300000
 864	2883 	1127776.649 
testRatio 0.400000
 1153	2883 	992888.819 
testRatio 0.500000
 1441	2883 	892145.698 
Preblocks 65 
testRatio 0.100000
 300	3009 	1908578.204 
testRatio 0.200000
 601	3009 	1350232.183 
testRatio 0.300000
 902	3009 	1103827.091 
testRatio 0.400000
 1203	3009 	973254.494 
testRatio 0.500000
 1504	3009 	876840.106 
Preblocks 66 
testRatio 0.100000
 302	3020 	1902171.064 
testRatio 0.200000
 604	3020 	1346887.238 
testRatio 0.300000
 906	3020 	1101792.513 
testRatio 0.400000
 1208	3020 	971159.029 
testRatio 0.500000
 1510	3020 	875136.289 
Preblocks 67 
testRatio 0.100000
 305	3059 	1892875.706 
testRatio 0.200000
 611	3059 	1339189.597 
testRatio 0.300000
 917	3059 	1095627.093 
testRatio 0.400000
 1223	3059 	965596.893 
testRatio 0.500000
 1529	3059 	869720.974 
Preblocks 68 
testRatio 0.100000
 315	3155 	1862741.090 
testRatio 0.200000
 631	3155 	1317842.845 
testRatio 0.300000
 946	3155 	1082909.359 
testRatio 0.400000
 1262	3155 	951500.625 
testRatio 0.500000
 1577	3155 	856341.444 
Preblocks 69 
testRatio 0.100000
 323	3231 	1839523.683 
testRatio 0.200000
 646	3231 	1302624.874 
testRatio 0.300000
 969	3231 	1069917.315 
testRatio 0.400000
 1292	3231 	940438.905 
testRatio 0.500000
 1615	3231 	846553.854 
Preblocks 70 
testRatio 0.100000
 338	3381 	1798404.251 
testRatio 0.200000
 676	3381 	1273360.991 
testRatio 0.300000
 1014	3381 	1057677.295 
testRatio 0.400000
 1352	3381 	919733.951 
testRatio 0.500000
 1690	3381 	827661.888 
Preblocks 71 
testRatio 0.100000
 339	3396 	1795703.703 
testRatio 0.200000
 679	3396 	1270556.660 
testRatio 0.300000
 1018	3396 	1055451.309 
testRatio 0.400000
 1358	3396 	917630.968 
testRatio 0.500000
 1698	3396 	826054.615 
Preblocks 72 
testRatio 0.100000
 342	3423 	1787552.341 
testRatio 0.200000
 684	3423 	1265883.116 
testRatio 0.300000
 1026	3423 	1051462.090 
testRatio 0.400000
 1369	3423 	914325.507 
testRatio 0.500000
 1711	3423 	823637.302 
Preblocks 73 
testRatio 0.100000
 347	3476 	1774986.084 
testRatio 0.200000
 695	3476 	1256683.337 
testRatio 0.300000
 1042	3476 	1043434.170 
testRatio 0.400000
 1390	3476 	907776.403 
testRatio 0.500000
 1738	3476 	817229.725 
Preblocks 74 
testRatio 0.100000
 356	3566 	1752510.057 
testRatio 0.200000
 713	3566 	1240844.520 
testRatio 0.300000
 1069	3566 	1030212.189 
testRatio 0.400000
 1426	3566 	896751.954 
testRatio 0.500000
 1783	3566 	815555.171 
Preblocks 75 
testRatio 0.100000
 357	3579 	1750092.076 
testRatio 0.200000
 715	3579 	1239075.487 
testRatio 0.300000
 1073	3579 	1028278.393 
testRatio 0.400000
 1431	3579 	895155.478 
testRatio 0.500000
 1789	3579 	814318.287 
Preblocks 76 
testRatio 0.100000
 360	3606 	1742770.809 
testRatio 0.200000
 721	3606 	1233830.895 
testRatio 0.300000
 1081	3606 	1024437.659 
testRatio 0.400000
 1442	3606 	891587.152 
testRatio 0.500000
 1803	3606 	811215.461 
Preblocks 77 
testRatio 0.100000
 368	3685 	1723580.753 
testRatio 0.200000
 737	3685 	1220418.974 
testRatio 0.300000
 1105	3685 	1013085.277 
testRatio 0.400000
 1474	3685 	882036.041 
testRatio 0.500000
 1842	3685 	802574.196 
Preblocks 78 
testRatio 0.100000
 373	3737 	1712110.433 
testRatio 0.200000
 747	3737 	1212233.437 
testRatio 0.300000
 1121	3737 	1006515.509 
testRatio 0.400000
 1494	3737 	876083.116 
testRatio 0.500000
 1868	3737 	797097.374 
Preblocks 79 
testRatio 0.100000
 376	3766 	1705186.964 
testRatio 0.200000
 753	3766 	1207388.450 
testRatio 0.300000
 1129	3766 	1002974.994 
testRatio 0.400000
 1506	3766 	876393.459 
testRatio 0.500000
 1883	3766 	793902.469 
Preblocks 80 
testRatio 0.100000
 378	3781 	1700701.919 
testRatio 0.200000
 756	3781 	1204996.763 
testRatio 0.300000
 1134	3781 	1000807.052 
testRatio 0.400000
 1512	3781 	874660.853 
testRatio 0.500000
 1890	3781 	792475.239 
Preblocks 81 
testRatio 0.100000
 379	3793 	1698484.407 
testRatio 0.200000
 758	3793 	1203394.773 
testRatio 0.300000
 1137	3793 	999458.995 
testRatio 0.400000
 1517	3793 	873192.616 
testRatio 0.500000
 1896	3793 	791159.914 
Preblocks 82 
testRatio 0.100000
 384	3846 	1687298.167 
testRatio 0.200000
 769	3846 	1194805.280 
testRatio 0.300000
 1153	3846 	992796.575 
testRatio 0.400000
 1538	3846 	867254.646 
testRatio 0.500000
 1923	3846 	785963.221 
Preblocks 83 
testRatio 0.100000
 393	3939 	1668021.806 
testRatio 0.200000
 787	3939 	1181555.519 
testRatio 0.300000
 1181	3939 	981904.995 
testRatio 0.400000
 1575	3939 	856722.084 
testRatio 0.500000
 1969	3939 	777087.079 
Preblocks 84 
testRatio 0.100000
 395	3954 	1663763.691 
testRatio 0.200000
 790	3954 	1179347.804 
testRatio 0.300000
 1186	3954 	980225.939 
testRatio 0.400000
 1581	3954 	855257.347 
testRatio 0.500000
 1977	3954 	775509.423 
Preblocks 85 
testRatio 0.100000
 395	3956 	1663750.643 
testRatio 0.200000
 791	3956 	1178504.139 
testRatio 0.300000
 1186	3956 	980229.122 
testRatio 0.400000
 1582	3956 	855071.620 
testRatio 0.500000
 1978	3956 	775196.715 
Preblocks 86 
testRatio 0.100000
 410	4104 	1632971.805 
testRatio 0.200000
 820	4104 	1157607.332 
testRatio 0.300000
 1231	4104 	962892.876 
testRatio 0.400000
 1641	4104 	839966.618 
testRatio 0.500000
 2052	4104 	763801.790 
Preblocks 87 
testRatio 0.100000
 410	4109 	1633144.383 
testRatio 0.200000
 821	4109 	1156910.381 
testRatio 0.300000
 1232	4109 	962529.165 
testRatio 0.400000
 1643	4109 	839470.976 
testRatio 0.500000
 2054	4109 	763568.779 
Preblocks 88 
testRatio 0.100000
 419	4193 	1615584.599 
testRatio 0.200000
 838	4193 	1145099.410 
testRatio 0.300000
 1257	4193 	953281.385 
testRatio 0.400000
 1677	4193 	830739.399 
testRatio 0.500000
 2096	4193 	786535.892 
Preblocks 89 
testRatio 0.100000
 423	4237 	1607866.200 
testRatio 0.200000
 847	4237 	1139073.762 
testRatio 0.300000
 1271	4237 	948024.223 
testRatio 0.400000
 1694	4237 	826787.962 
testRatio 0.500000
 2118	4237 	782369.592 
Preblocks 90 
testRatio 0.100000
 428	4287 	1598505.336 
testRatio 0.200000
 857	4287 	1132401.106 
testRatio 0.300000
 1286	4287 	942486.342 
testRatio 0.400000
 1714	4287 	822929.194 
testRatio 0.500000
 2143	4287 	777834.700 
Preblocks 91 
testRatio 0.100000
 434	4349 	1587372.530 
testRatio 0.200000
 869	4349 	1124580.257 
testRatio 0.300000
 1304	4349 	936004.584 
testRatio 0.400000
 1739	4349 	817033.880 
testRatio 0.500000
 2174	4349 	772115.936 
Preblocks 92 
testRatio 0.100000
 435	4356 	1585630.495 
testRatio 0.200000
 871	4356 	1123287.527 
testRatio 0.300000
 1306	4356 	933918.982 
testRatio 0.400000
 1742	4356 	816356.524 
testRatio 0.500000
 2178	4356 	771605.412 
Preblocks 93 
testRatio 0.100000
 436	4360 	1583825.261 
testRatio 0.200000
 872	4360 	1122654.489 
testRatio 0.300000
 1308	4360 	934387.931 
testRatio 0.400000
 1744	4360 	815898.413 
testRatio 0.500000
 2180	4360 	771000.523 
Preblocks 94 
testRatio 0.100000
 439	4396 	1578379.026 
testRatio 0.200000
 879	4396 	1118193.319 
testRatio 0.300000
 1318	4396 	931084.179 
testRatio 0.400000
 1758	4396 	812691.285 
testRatio 0.500000
 2198	4396 	768575.472 
Preblocks 95 
testRatio 0.100000
 444	4448 	1569329.507 
testRatio 0.200000
 889	4448 	1111882.938 
testRatio 0.300000
 1334	4448 	925441.149 
testRatio 0.400000
 1779	4448 	816652.372 
testRatio 0.500000
 2224	4448 	764346.794 
Preblocks 96 
testRatio 0.100000
 449	4492 	1560625.694 
testRatio 0.200000
 898	4492 	1106301.746 
testRatio 0.300000
 1347	4492 	921436.083 
testRatio 0.400000
 1796	4492 	812797.822 
testRatio 0.500000
 2246	4492 	760274.330 
Preblocks 97 
testRatio 0.100000
 450	4501 	1558900.853 
testRatio 0.200000
 900	4501 	1105078.646 
testRatio 0.300000
 1350	4501 	919744.260 
testRatio 0.400000
 1800	4501 	811890.637 
testRatio 0.500000
 2250	4501 	759941.710 
Preblocks 98 
testRatio 0.100000
 464	4643 	1535362.836 
testRatio 0.200000
 928	4643 	1092503.248 
testRatio 0.300000
 1392	4643 	907260.070 
testRatio 0.400000
 1857	4643 	799248.567 
testRatio 0.500000
 2321	4643 	748081.011 
Preblocks 99 
testRatio 0.100000
 470	4706 	1525477.846 
testRatio 0.200000
 941	4706 	1085742.675 
testRatio 0.300000
 1411	4706 	901137.650 
testRatio 0.400000
 1882	4706 	793957.294 
testRatio 0.500000
 2353	4706 	743303.656 
testRatio 0.800000
14	18 	11361159.671 
testRatio 1.200000
21	18 	9558061.320 
Preblocks 2 
testRatio 0.800000
19	24 	8516993.933 
testRatio 1.200000
28	24 	7650260.534 
Preblocks 3 
testRatio 0.800000
28	36 	8335818.077 
testRatio 1.200000
43	36 	11118881.233 
Preblocks 4 
testRatio 0.800000
105	132 	5919267.187 
testRatio 1.200000
158	132 	5104888.022 
Preblocks 5 
testRatio 0.800000
115	144 	5106317.564 
testRatio 1.200000
172	144 	3286934.021 
Preblocks 6 
testRatio 0.800000
187	234 	3081400.404 
testRatio 1.200000
280	234 	2015553.219 
Preblocks 7 
testRatio 0.800000
191	239 	3914640.500 
testRatio 1.200000
286	239 	2960693.529 
Preblocks 8 
testRatio 0.800000
198	248 	3486358.686 
testRatio 1.200000
297	248 	1927315.513 
Preblocks 9 
testRatio 0.800000
257	322 	3082424.868 
testRatio 1.200000
386	322 	1687602.056 
Preblocks 10 
testRatio 0.800000
284	356 	2006013.514 
testRatio 1.200000
427	356 	2212302.166 
Preblocks 11 
testRatio 0.800000
365	457 	1777066.386 
testRatio 1.200000
548	457 	1444664.955 
Preblocks 12 
testRatio 0.800000
455	569 	1558132.770 
testRatio 1.200000
682	569 	1352364.521 
Preblocks 13 
testRatio 0.800000
468	585 	1608963.059 
testRatio 1.200000
702	585 	1258333.028 
Preblocks 14 
testRatio 0.800000
540	676 	1430640.328 
testRatio 1.200000
811	676 	1190732.049 
Preblocks 15 
testRatio 0.800000
548	686 	1423190.441 
testRatio 1.200000
823	686 	1160752.582 
Preblocks 16 
testRatio 0.800000
560	701 	1398758.211 
testRatio 1.200000
841	701 	1143537.721 
Preblocks 17 
testRatio 0.800000
568	710 	1452665.066 
testRatio 1.200000
852	710 	1144573.084 
Preblocks 18 
testRatio 0.800000
580	726 	1411504.186 
testRatio 1.200000
871	726 	1323846.435 
Preblocks 19 
testRatio 0.800000
593	742 	1368055.008 
testRatio 1.200000
890	742 	1282256.000 
Preblocks 20 
testRatio 0.800000
596	746 	1363690.139 
testRatio 1.200000
895	746 	1115016.773 
Preblocks 21 
testRatio 0.800000
636	795 	1314642.473 
testRatio 1.200000
954	795 	1078954.397 
Preblocks 22 
testRatio 0.800000
649	812 	1308080.919 
testRatio 1.200000
974	812 	1154126.236 
Preblocks 23 
testRatio 0.800000
695	869 	1295017.233 
testRatio 1.200000
1042	869 	1112734.810 
Preblocks 24 
testRatio 0.800000
704	881 	1249472.410 
testRatio 1.200000
1057	881 	1042146.717 
Preblocks 25 
testRatio 0.800000
746	933 	1286335.560 
testRatio 1.200000
1119	933 	1070875.407 
Preblocks 26 
testRatio 0.800000
811	1014 	1163950.578 
testRatio 1.200000
1216	1014 	968093.231 
Preblocks 27 
testRatio 0.800000
892	1116 	1122437.655 
testRatio 1.200000
1339	1116 	924278.705 
Preblocks 28 
testRatio 0.800000
910	1138 	1147318.176 
testRatio 1.200000
1365	1138 	918105.639 
Preblocks 29 
testRatio 0.800000
1015	1269 	1059431.074 
testRatio 1.200000
1522	1269 	874438.372 
Preblocks 30 
testRatio 0.800000
1026	1283 	1052482.308 
testRatio 1.200000
1539	1283 	869800.361 
Preblocks 31 
testRatio 0.800000
1046	1308 	1048305.976 
testRatio 1.200000
1569	1308 	858660.879 
Preblocks 32 
testRatio 0.800000
1096	1370 	1018975.550 
testRatio 1.200000
1644	1370 	839113.627 
Preblocks 33 
testRatio 0.800000
1140	1426 	999868.713 
testRatio 1.200000
1711	1426 	823911.820 
Preblocks 34 
testRatio 0.800000
1205	1507 	976213.218 
testRatio 1.200000
1808	1507 	811062.582 
Preblocks 35 
testRatio 0.800000
1209	1512 	970907.021 
testRatio 1.200000
1814	1512 	813536.786 
Preblocks 36 
testRatio 0.800000
1254	1568 	954043.878 
testRatio 1.200000
1881	1568 	794828.595 
Preblocks 37 
testRatio 0.800000
1260	1576 	955895.041 
testRatio 1.200000
1891	1576 	792235.675 
Preblocks 38 
testRatio 0.800000
1268	1585 	983155.407 
testRatio 1.200000
1902	1585 	792337.949 
Preblocks 39 
testRatio 0.800000
1280	1601 	952455.110 
testRatio 1.200000
1921	1601 	786140.927 
Preblocks 40 
testRatio 0.800000
1304	1631 	936000.968 
testRatio 1.200000
1957	1631 	779155.521 
Preblocks 41 
testRatio 0.800000
1318	1648 	930922.654 
testRatio 1.200000
1977	1648 	775892.484 
Preblocks 42 
testRatio 0.800000
1329	1662 	927428.519 
testRatio 1.200000
1994	1662 	773125.006 
Preblocks 43 
testRatio 0.800000
1360	1700 	920120.990 
testRatio 1.200000
2040	1700 	767870.343 
Preblocks 44 
testRatio 0.800000
1415	1769 	900057.264 
testRatio 1.200000
2122	1769 	781601.012 
Preblocks 45 
testRatio 0.800000
1498	1873 	878345.990 
testRatio 1.200000
2247	1873 	763984.304 
Preblocks 46 
testRatio 0.800000
1509	1887 	875720.165 
testRatio 1.200000
2264	1887 	757545.770 
Preblocks 47 
testRatio 0.800000
1572	1965 	858069.158 
testRatio 1.200000
2358	1965 	746114.158 
Preblocks 48 
testRatio 0.800000
1575	1969 	856836.556 
testRatio 1.200000
2362	1969 	741863.666 
Preblocks 49 
testRatio 0.800000
1639	2049 	840408.940 
testRatio 1.200000
2458	2049 	853445.326 
Preblocks 50 
testRatio 0.800000
1664	2081 	834135.481 
testRatio 1.200000
2497	2081 	847845.282 
Preblocks 51 
testRatio 0.800000
1777	2222 	817111.259 
testRatio 1.200000
2666	2222 	821310.077 
Preblocks 52 
testRatio 0.800000
1790	2238 	814151.401 
testRatio 1.200000
2685	2238 	817733.227 
Preblocks 53 
testRatio 0.800000
1826	2283 	806058.784 
testRatio 1.200000
2739	2283 	811818.619 
Preblocks 54 
testRatio 0.800000
1852	2315 	800495.313 
testRatio 1.200000
2778	2315 	804743.688 
Preblocks 55 
testRatio 0.800000
1880	2350 	794530.655 
testRatio 1.200000
2820	2350 	799665.396 
Preblocks 56 
testRatio 0.800000
1891	2364 	792272.184 
testRatio 1.200000
2836	2364 	797491.619 
Preblocks 57 
testRatio 0.800000
1949	2437 	780712.639 
testRatio 1.200000
2924	2437 	785582.524 
Preblocks 58 
testRatio 0.800000
1980	2475 	775588.124 
testRatio 1.200000
2970	2475 	780013.595 
Preblocks 59 
testRatio 0.800000
2074	2593 	790708.274 
testRatio 1.200000
3111	2593 	763163.276 
Preblocks 60 
testRatio 0.800000
2100	2626 	785304.286 
testRatio 1.200000
3151	2626 	758709.044 
Preblocks 61 
testRatio 0.800000
2158	2698 	775057.990 
testRatio 1.200000
3237	2698 	749959.853 
Preblocks 62 
testRatio 0.800000
2161	2702 	774675.410 
testRatio 1.200000
3242	2702 	749502.476 
Preblocks 63 
testRatio 0.800000
2194	2743 	769069.237 
testRatio 1.200000
3291	2743 	768726.717 
Preblocks 64 
testRatio 0.800000
2306	2883 	750611.553 
testRatio 1.200000
3459	2883 	769259.529 
Preblocks 65 
testRatio 0.800000
2407	3009 	735550.987 
testRatio 1.200000
3610	3009 	752305.857 
Preblocks 66 
testRatio 0.800000
2416	3020 	734418.731 
testRatio 1.200000
3624	3020 	751465.500 
Preblocks 67 
testRatio 0.800000
2447	3059 	855023.573 
testRatio 1.200000
3670	3059 	747075.150 
Preblocks 68 
testRatio 0.800000
2524	3155 	843374.086 
testRatio 1.200000
3786	3155 	803818.621 
Preblocks 69 
testRatio 0.800000
2584	3231 	833767.195 
testRatio 1.200000
3877	3231 	796047.155 
Preblocks 70 
testRatio 0.800000
2704	3381 	815226.530 
testRatio 1.200000
4057	3381 	819963.244 
Preblocks 71 
testRatio 0.800000
2716	3396 	813493.464 
testRatio 1.200000
4075	3396 	818089.328 
Preblocks 72 
testRatio 0.800000
2738	3423 	809932.351 
testRatio 1.200000
4107	3423 	814912.710 
Preblocks 73 
testRatio 0.800000
2780	3476 	804636.801 
testRatio 1.200000
4171	3476 	808638.423 
Preblocks 74 
testRatio 0.800000
2852	3566 	795496.355 
testRatio 1.200000
4279	3566 	802132.260 
Preblocks 75 
testRatio 0.800000
2863	3579 	793876.699 
testRatio 1.200000
4294	3579 	800430.682 
Preblocks 76 
testRatio 0.800000
2884	3606 	791101.387 
testRatio 1.200000
4327	3606 	805362.363 
Preblocks 77 
testRatio 0.800000
2948	3685 	782757.521 
testRatio 1.200000
4422	3685 	817459.190 
Preblocks 78 
testRatio 0.800000
2989	3737 	776924.048 
testRatio 1.200000
4484	3737 	828559.398 
Preblocks 79 
testRatio 0.800000
3012	3766 	774854.251 
testRatio 1.200000
4519	3766 	825449.031 
Preblocks 80 
testRatio 0.800000
3024	3781 	773367.344 
testRatio 1.200000
4537	3781 	823813.003 
Preblocks 81 
testRatio 0.800000
3034	3793 	772059.877 
testRatio 1.200000
4551	3793 	822540.909 
Preblocks 82 
testRatio 0.800000
3076	3846 	766628.465 
testRatio 1.200000
4615	3846 	817510.012 
Preblocks 83 
testRatio 0.800000
3151	3939 	758340.921 
testRatio 1.200000
4726	3939 	858423.168 
Preblocks 84 
testRatio 0.800000
3163	3954 	757174.303 
testRatio 1.200000
4744	3954 	856632.616 
Preblocks 85 
testRatio 0.800000
3164	3956 	756913.128 
testRatio 1.200000
4747	3956 	856682.399 
Preblocks 86 
testRatio 0.800000
3283	4104 	744744.644 
testRatio 1.200000
4924	4104 	841215.368 
Preblocks 87 
testRatio 0.800000
3287	4109 	764129.178 
testRatio 1.200000
4930	4109 	840968.095 
Preblocks 88 
testRatio 0.800000
3354	4193 	761608.260 
testRatio 1.200000
5031	4193 	1099691.641 
Preblocks 89 
testRatio 0.800000
3389	4237 	758386.569 
testRatio 1.200000
5084	4237 	1094001.297 
Preblocks 90 
testRatio 0.800000
3429	4287 	753996.708 
testRatio 1.200000
5144	4287 	1087448.516 
Preblocks 91 
testRatio 0.800000
3479	4349 	767275.206 
testRatio 1.200000
5218	4349 	1088660.241 
Preblocks 92 
testRatio 0.800000
3484	4356 	766712.111 
testRatio 1.200000
5227	4356 	1087872.988 
Preblocks 93 
testRatio 0.800000
3488	4360 	766349.472 
testRatio 1.200000
5232	4360 	1087037.976 
Preblocks 94 
testRatio 0.800000
3516	4396 	763220.161 
testRatio 1.200000
5275	4396 	1082771.080 
Preblocks 95 
testRatio 0.800000
3558	4448 	758776.781 
testRatio 1.200000
5337	4448 	1076434.233 
Preblocks 96 
testRatio 0.800000
3593	4492 	755015.368 
testRatio 1.200000
5390	4492 	1071111.244 
Preblocks 97 
testRatio 0.800000
3600	4501 	754255.761 
testRatio 1.200000
5401	4501 	1069498.775 
Preblocks 98 
testRatio 0.800000
3714	4643 	811645.824 
testRatio 1.200000
5571	4643 	1058266.691 
Preblocks 99 
testRatio 0.800000
3764	4706 	806185.162 
testRatio 1.200000
5647	4706 	1051509.733 
Preblocks 1
testRatio 2.000000
36	18 	9978844.723 
testRatio 3.000000
54	18 	10412621.202 
testRatio 4.000000
72	18 	9966405.608 
Preblocks 2
testRatio 2.000000
48	24 	7873369.198 
testRatio 3.000000
72	24 	8804658.899 
testRatio 4.000000
96	24 	10120411.705 
Preblocks 3
testRatio 2.000000
72	36 	10221843.047 
testRatio 3.000000
108	36 	8605147.449 
testRatio 4.000000
144	36 	9791859.104 
Preblocks 4
testRatio 2.000000
264	132 	4938049.777 
testRatio 3.000000
396	132 	4137622.779 
testRatio 4.000000
528	132 	5475374.931 
Preblocks 5
testRatio 2.000000
288	144 	2574611.260 
testRatio 3.000000
432	144 	3054629.465 
testRatio 4.000000
576	144 	4971255.662 
Preblocks 6
testRatio 2.000000
468	234 	2043979.355 
testRatio 3.000000
702	234 	3267328.718 
testRatio 4.000000
936	234 	3158133.190 
Preblocks 7
testRatio 2.000000
478	239 	2973029.147 
testRatio 3.000000
717	239 	1518780.317 
testRatio 4.000000
956	239 	3166034.689 
Preblocks 8
testRatio 2.000000
496	248 	2586416.739 
testRatio 3.000000
744	248 	1432007.354 
testRatio 4.000000
992	248 	1935633.396 
Preblocks 9
testRatio 2.000000
644	322 	2402737.351 
testRatio 3.000000
966	322 	1323450.417 
testRatio 4.000000
1288	322 	1699043.898 
Preblocks 10
testRatio 2.000000
712	356 	1246976.459 
testRatio 3.000000
1068	356 	1050099.941 
testRatio 4.000000
1424	356 	936959.488 
Preblocks 11
testRatio 2.000000
914	457 	1428220.590 
testRatio 3.000000
1371	457 	919691.909 
testRatio 4.000000
1828	457 	818939.057 
Preblocks 12
testRatio 2.000000
1138	569 	1019567.200 
testRatio 3.000000
1707	569 	1443613.283 
testRatio 4.000000
2276	569 	760162.632 
Preblocks 13
testRatio 2.000000
1170	585 	1059810.834 
testRatio 3.000000
1755	585 	990196.630 
testRatio 4.000000
2340	585 	750453.478 
Preblocks 14
testRatio 2.000000
1352	676 	942971.369 
testRatio 3.000000
2028	676 	892233.499 
testRatio 4.000000
2704	676 	816724.595 
Preblocks 15
testRatio 2.000000
1372	686 	928421.975 
testRatio 3.000000
2058	686 	766748.687 
testRatio 4.000000
2744	686 	904640.039 
Preblocks 16
testRatio 2.000000
1402	701 	974916.259 
testRatio 3.000000
2103	701 	786065.044 
testRatio 4.000000
2804	701 	1171980.754 
Preblocks 17
testRatio 2.000000
1420	710 	1054914.728 
testRatio 3.000000
2130	710 	803827.969 
testRatio 4.000000
2840	710 	803766.830 
Preblocks 18
testRatio 2.000000
1452	726 	973601.335 
testRatio 3.000000
2178	726 	773637.845 
testRatio 4.000000
2904	726 	788725.953 
Preblocks 19
testRatio 2.000000
1484	742 	983138.168 
testRatio 3.000000
2226	742 	874082.355 
testRatio 4.000000
2968	742 	803676.559 
Preblocks 20
testRatio 2.000000
1492	746 	895849.062 
testRatio 3.000000
2238	746 	783307.583 
testRatio 4.000000
2984	746 	798578.423 
Preblocks 21
testRatio 2.000000
1590	795 	860471.184 
testRatio 3.000000
2385	795 	755382.210 
testRatio 4.000000
3180	795 	764458.039 
Preblocks 22
testRatio 2.000000
1624	812 	846892.498 
testRatio 3.000000
2436	812 	907277.519 
testRatio 4.000000
3248	812 	750161.975 
Preblocks 23
testRatio 2.000000
1738	869 	867045.907 
testRatio 3.000000
2607	869 	833926.705 
testRatio 4.000000
3476	869 	807813.108 
Preblocks 24
testRatio 2.000000
1762	881 	813033.514 
testRatio 3.000000
2643	881 	825513.752 
testRatio 4.000000
3524	881 	801336.572 
Preblocks 25
testRatio 2.000000
1866	933 	809600.486 
testRatio 3.000000
2799	933 	921997.169 
testRatio 4.000000
3732	933 	818362.057 
Preblocks 26
testRatio 2.000000
2028	1014 	791476.745 
testRatio 3.000000
3042	1014 	771265.278 
testRatio 4.000000
4056	1014 	838903.450 
Preblocks 27
testRatio 2.000000
2232	1116 	767722.247 
testRatio 3.000000
3348	1116 	813058.663 
testRatio 4.000000
4464	1116 	839292.843 
Preblocks 28
testRatio 2.000000
2276	1138 	758038.331 
testRatio 3.000000
3414	1138 	756628.884 
testRatio 4.000000
4552	1138 	842059.516 
Preblocks 29
testRatio 2.000000
2538	1269 	841879.610 
testRatio 3.000000
3807	1269 	830260.263 
testRatio 4.000000
5076	1269 	1093801.703 
Preblocks 30
testRatio 2.000000
2566	1283 	836967.483 
testRatio 3.000000
3849	1283 	799874.928 
testRatio 4.000000
5132	1283 	1088642.265 
Preblocks 31
testRatio 2.000000
2616	1308 	828468.801 
testRatio 3.000000
3924	1308 	790915.947 
testRatio 4.000000
5232	1308 	1086877.706 
Preblocks 32
testRatio 2.000000
2740	1370 	809809.658 
testRatio 3.000000
4110	1370 	814204.884 
testRatio 4.000000
5480	1370 	1066221.851 
Preblocks 33
testRatio 2.000000
2852	1426 	796186.300 
testRatio 3.000000
4278	1426 	801940.622 
testRatio 4.000000
5704	1426 	1047771.607 
Preblocks 34
testRatio 2.000000
3014	1507 	776498.946 
testRatio 3.000000
4521	1507 	824736.962 
testRatio 4.000000
6028	1507 	1018429.937 
Preblocks 35
testRatio 2.000000
3024	1512 	773179.686 
testRatio 3.000000
4536	1512 	836318.566 
testRatio 4.000000
6048	1512 	1016692.277 
Preblocks 36
testRatio 2.000000
3136	1568 	761234.864 
testRatio 3.000000
4704	1568 	859988.395 
testRatio 4.000000
6272	1568 	999523.422 
Preblocks 37
testRatio 2.000000
3152	1576 	758471.877 
testRatio 3.000000
4728	1576 	857758.893 
testRatio 4.000000
6304	1576 	995975.286 
Preblocks 38
testRatio 2.000000
3170	1585 	768001.467 
testRatio 3.000000
4755	1585 	857302.964 
testRatio 4.000000
6340	1585 	994144.303 
Preblocks 39
testRatio 2.000000
3202	1601 	754003.473 
testRatio 3.000000
4803	1601 	850935.307 
testRatio 4.000000
6404	1601 	990542.170 
Preblocks 40
testRatio 2.000000
3262	1631 	746923.063 
testRatio 3.000000
4893	1631 	843486.373 
testRatio 4.000000
6524	1631 	979351.619 
Preblocks 41
testRatio 2.000000
3296	1648 	767750.313 
testRatio 3.000000
4944	1648 	839421.664 
testRatio 4.000000
6592	1648 	974558.596 
Preblocks 42
testRatio 2.000000
3324	1662 	767558.166 
testRatio 3.000000
4986	1662 	847478.560 
testRatio 4.000000
6648	1662 	970797.559 
Preblocks 43
testRatio 2.000000
3400	1700 	756941.461 
testRatio 3.000000
5100	1700 	1091612.885 
testRatio 4.000000
6800	1700 	959690.211 
Preblocks 44
testRatio 2.000000
3538	1769 	761720.432 
testRatio 3.000000
5307	1769 	1078784.314 
testRatio 4.000000
7076	1769 	941287.804 
Preblocks 45
testRatio 2.000000
3746	1873 	814390.425 
testRatio 3.000000
5619	1873 	1053742.801 
testRatio 4.000000
7492	1873 	924579.934 
Preblocks 46
testRatio 2.000000
3774	1887 	804996.083 
testRatio 3.000000
5661	1887 	1053013.861 
testRatio 4.000000
7548	1887 	921257.935 
Preblocks 47
testRatio 2.000000
3930	1965 	790456.374 
testRatio 3.000000
5895	1965 	1029479.269 
testRatio 4.000000
7860	1965 	903277.975 
Preblocks 48
testRatio 2.000000
3938	1969 	789680.508 
testRatio 3.000000
5907	1969 	1028631.226 
testRatio 4.000000
7876	1969 	902176.769 
Preblocks 49
testRatio 2.000000
4098	2049 	815535.054 
testRatio 3.000000
6147	2049 	1009025.092 
testRatio 4.000000
8196	2049 	892594.227 
Preblocks 50
testRatio 2.000000
4162	2081 	809526.734 
testRatio 3.000000
6243	2081 	1001211.262 
testRatio 4.000000
8324	2081 	885729.948 
Preblocks 51
testRatio 2.000000
4444	2222 	831758.912 
testRatio 3.000000
6666	2222 	969594.866 
testRatio 4.000000
8888	2222 	857997.737 
Preblocks 52
testRatio 2.000000
4476	2238 	828747.879 
testRatio 3.000000
6714	2238 	965904.972 
testRatio 4.000000
8952	2238 	854926.290 
Preblocks 53
testRatio 2.000000
4566	2283 	820841.589 
testRatio 3.000000
6849	2283 	956797.074 
testRatio 4.000000
9132	2283 	846692.907 
Preblocks 54
testRatio 2.000000
4630	2315 	815470.018 
testRatio 3.000000
6945	2315 	950328.080 
testRatio 4.000000
9260	2315 	841185.390 
Preblocks 55
testRatio 2.000000
4700	2350 	860392.305 
testRatio 3.000000
7050	2350 	942966.431 
testRatio 4.000000
9400	2350 	835019.062 
Preblocks 56
testRatio 2.000000
4728	2364 	858393.097 
testRatio 3.000000
7092	2364 	940715.224 
testRatio 4.000000
9456	2364 	832541.124 
Preblocks 57
testRatio 2.000000
4874	2437 	845531.619 
testRatio 3.000000
7311	2437 	935789.777 
testRatio 4.000000
9748	2437 	820122.746 
Preblocks 58
testRatio 2.000000
4950	2475 	839148.994 
testRatio 3.000000
7425	2475 	929000.292 
testRatio 4.000000
9900	2475 	814317.621 
Preblocks 59
testRatio 2.000000
5186	2593 	1082908.336 
testRatio 3.000000
7779	2593 	907707.258 
testRatio 4.000000
10372	2593 	796979.942 
Preblocks 60
testRatio 2.000000
5252	2626 	1085161.940 
testRatio 3.000000
7878	2626 	902481.396 
testRatio 4.000000
10504	2626 	792257.483 
Preblocks 61
testRatio 2.000000
5396	2698 	1070611.307 
testRatio 3.000000
8094	2698 	890642.590 
testRatio 4.000000
10792	2698 	784050.390 
Preblocks 62
testRatio 2.000000
5404	2702 	1069635.333 
testRatio 3.000000
8106	2702 	889886.491 
testRatio 4.000000
10808	2702 	783159.786 
Preblocks 63
testRatio 2.000000
5486	2743 	1066062.186 
testRatio 3.000000
8229	2743 	890942.344 
testRatio 4.000000
10972	2743 	798503.901 
Preblocks 64
testRatio 2.000000
5766	2883 	1040822.738 
testRatio 3.000000
8649	2883 	869567.879 
testRatio 4.000000
11532	2883 	779640.160 
Preblocks 65
testRatio 2.000000
6018	3009 	1019533.899 
testRatio 3.000000
9027	3009 	851313.221 
testRatio 4.000000
12036	3009 	763274.754 
Preblocks 66
testRatio 2.000000
6040	3020 	1017731.244 
testRatio 3.000000
9060	3020 	849917.684 
testRatio 4.000000
12080	3020 	762357.074 
Preblocks 67
testRatio 2.000000
6118	3059 	1011246.178 
testRatio 3.000000
9177	3059 	844598.629 
testRatio 4.000000
12236	3059 	757681.620 
Preblocks 68
testRatio 2.000000
6310	3155 	995977.582 
testRatio 3.000000
9465	3155 	832108.998 
testRatio 4.000000
12620	3155 	746625.528 
Preblocks 69
testRatio 2.000000
6462	3231 	984253.047 
testRatio 3.000000
9693	3231 	822223.429 
testRatio 4.000000
12924	3231 	738465.386 
Preblocks 70
testRatio 2.000000
6762	3381 	962679.948 
testRatio 3.000000
10143	3381 	804763.386 
testRatio 4.000000
13524	3381 	729287.981 
Preblocks 71
testRatio 2.000000
6792	3396 	960698.832 
testRatio 3.000000
10188	3396 	803000.235 
testRatio 4.000000
13584	3396 	727761.907 
Preblocks 72
testRatio 2.000000
6846	3423 	956894.525 
testRatio 3.000000
10269	3423 	799945.636 
testRatio 4.000000
13692	3423 	725299.829 
Preblocks 73
testRatio 2.000000
6952	3476 	949690.780 
testRatio 3.000000
10428	3476 	795010.061 
testRatio 4.000000
13904	3476 	719811.811 
Preblocks 74
testRatio 2.000000
7132	3566 	938063.634 
testRatio 3.000000
10698	3566 	785152.147 
testRatio 4.000000
14264	3566 	710725.695 
Preblocks 75
testRatio 2.000000
7158	3579 	936373.036 
testRatio 3.000000
10737	3579 	783784.663 
testRatio 4.000000
14316	3579 	709449.578 
Preblocks 76
testRatio 2.000000
7212	3606 	932829.670 
testRatio 3.000000
10818	3606 	782998.861 
testRatio 4.000000
14424	3606 	706860.065 
Preblocks 77
testRatio 2.000000
7370	3685 	932279.249 
testRatio 3.000000
11055	3685 	795444.285 
testRatio 4.000000
14740	3685 	699563.724 
Preblocks 78
testRatio 2.000000
7474	3737 	925795.046 
testRatio 3.000000
11211	3737 	790345.902 
testRatio 4.000000
14948	3737 	697907.574 
Preblocks 79
testRatio 2.000000
7532	3766 	922223.215 
testRatio 3.000000
11298	3766 	787390.974 
testRatio 4.000000
15064	3766 	695279.200 
Preblocks 80
testRatio 2.000000
7562	3781 	920271.282 
testRatio 3.000000
11343	3781 	785899.289 
testRatio 4.000000
15124	3781 	698630.436 
Preblocks 81
testRatio 2.000000
7586	3793 	918951.229 
testRatio 3.000000
11379	3793 	784701.197 
testRatio 4.000000
15172	3793 	697562.257 
Preblocks 82
testRatio 2.000000
7692	3846 	912852.306 
testRatio 3.000000
11538	3846 	779353.873 
testRatio 4.000000
15384	3846 	692964.186 
Preblocks 83
testRatio 2.000000
7878	3939 	902270.634 
testRatio 3.000000
11817	3939 	770281.020 
testRatio 4.000000
15756	3939 	684878.040 
Preblocks 84
testRatio 2.000000
7908	3954 	900614.301 
testRatio 3.000000
11862	3954 	769243.464 
testRatio 4.000000
15816	3954 	683773.253 
Preblocks 85
testRatio 2.000000
7912	3956 	900575.107 
testRatio 3.000000
11868	3956 	768825.952 
testRatio 4.000000
15824	3956 	683601.820 
Preblocks 86
testRatio 2.000000
8208	4104 	891842.748 
testRatio 3.000000
12312	4104 	755601.228 
testRatio 4.000000
16416	4104 	675975.469 
Preblocks 87
testRatio 2.000000
8218	4109 	891540.734 
testRatio 3.000000
12327	4109 	754982.208 
testRatio 4.000000
16436	4109 	675537.924 
Preblocks 88
testRatio 2.000000
8386	4193 	882573.865 
testRatio 3.000000
12579	4193 	747638.649 
testRatio 4.000000
16772	4193 	669571.195 
Preblocks 89
testRatio 2.000000
8474	4237 	878248.265 
testRatio 3.000000
12711	4237 	744009.111 
testRatio 4.000000
16948	4237 	666192.111 
Preblocks 90
testRatio 2.000000
8574	4287 	873177.392 
testRatio 3.000000
12861	4287 	740283.135 
testRatio 4.000000
17148	4287 	662413.192 
Preblocks 91
testRatio 2.000000
8698	4349 	866974.294 
testRatio 3.000000
13047	4349 	741442.683 
testRatio 4.000000
17396	4349 	657550.467 
Preblocks 92
testRatio 2.000000
8712	4356 	866225.723 
testRatio 3.000000
13068	4356 	740874.717 
testRatio 4.000000
17424	4356 	657132.262 
Preblocks 93
testRatio 2.000000
8720	4360 	865831.844 
testRatio 3.000000
13080	4360 	740536.931 
testRatio 4.000000
17440	4360 	656708.557 
Preblocks 94
testRatio 2.000000
8792	4396 	862644.686 
testRatio 3.000000
13188	4396 	737565.058 
testRatio 4.000000
17584	4396 	654241.606 
Preblocks 95
testRatio 2.000000
8896	4448 	857482.203 
testRatio 3.000000
13344	4448 	733678.054 
testRatio 4.000000
17792	4448 	651376.447 
Preblocks 96
testRatio 2.000000
8984	4492 	853501.066 
testRatio 3.000000
13476	4492 	730493.452 
testRatio 4.000000
17968	4492 	648531.421 
Preblocks 97
testRatio 2.000000
9002	4501 	852608.697 
testRatio 3.000000
13503	4501 	729696.211 
testRatio 4.000000
18004	4501 	647851.843 
Preblocks 98
testRatio 2.000000
9286	4643 	839865.029 
testRatio 3.000000
13929	4643 	719102.238 
testRatio 4.000000
18572	4643 	646367.643 
Preblocks 99
testRatio 2.000000
9412	4706 	834390.829 
testRatio 3.000000
14118	4706 	714408.812 
testRatio 4.000000
18824	4706 	644111.851 
