StartblockIndex 100 
Preblocks 1
testSize 100
18 	9978212.064 
18 	10332182.573 
18 	10123595.304 
18 	10021647.425 
testSize 200
18 	9351798.706 
18 	5039680.669 
18 	7182699.350 
18 	10254660.563 
Preblocks 2
testSize 100
24 	14352077.793 
24 	9730939.431 
24 	8927089.356 
24 	9888218.228 
testSize 200
24 	9947445.165 
24 	8601093.343 
24 	7542371.136 
24 	8143445.082 
Preblocks 3
testSize 100
36 	6122393.451 
36 	8298577.867 
36 	7249563.513 
36 	8439292.050 
testSize 200
36 	8533587.287 
36 	10165626.309 
36 	7014200.743 
36 	9102138.648 
Preblocks 4
testSize 100
132 	4204876.603 
132 	5519759.848 
132 	4278361.440 
132 	3931107.412 
testSize 200
132 	5622275.147 
132 	4924407.436 
132 	3348720.408 
132 	3991118.485 
Preblocks 5
testSize 100
144 	5388598.011 
144 	6769106.169 
144 	4045057.163 
144 	4671288.273 
testSize 200
144 	5121605.725 
144 	4202564.990 
144 	3230953.003 
144 	4075196.316 
Preblocks 6
testSize 100
234 	4047644.559 
234 	3851047.109 
234 	3494613.642 
234 	4196005.881 
testSize 200
234 	2471148.782 
234 	2396229.956 
234 	2456842.742 
234 	3419037.571 
Preblocks 7
testSize 100
239 	3981648.564 
239 	3289193.652 
239 	3534066.115 
239 	3599737.042 
testSize 200
239 	3901333.312 
239 	2351051.035 
239 	2776180.414 
239 	3487505.724 
Preblocks 8
testSize 100
248 	3945149.133 
248 	3287754.529 
248 	3674291.649 
248 	3756345.492 
testSize 200
248 	2355835.466 
248 	2438904.173 
248 	2494795.552 
248 	2626015.618 
Preblocks 9
testSize 100
322 	3543367.435 
322 	3550524.555 
322 	3324786.714 
322 	3574433.731 
testSize 200
322 	2440411.860 
322 	2623717.344 
322 	2421600.765 
322 	2626011.394 
Preblocks 10
testSize 100
356 	3290892.407 
356 	3290218.411 
356 	3374873.835 
356 	3483661.614 
testSize 200
356 	2434124.000 
356 	2357537.852 
356 	2480862.502 
356 	2340025.024 
Preblocks 11
testSize 100
457 	3288630.380 
457 	3307631.160 
457 	3298804.342 
457 	3352843.945 
testSize 200
457 	2366451.538 
457 	2339269.842 
457 	2421672.377 
457 	2377260.182 
Preblocks 12
testSize 100
569 	3334574.798 
569 	3290187.023 
569 	3319358.201 
569 	3309623.066 
testSize 200
569 	2399925.407 
569 	2370293.670 
569 	2356903.414 
569 	2533538.893 
Preblocks 13
testSize 100
585 	3288264.481 
585 	3301567.092 
585 	3298802.800 
585 	3292706.635 
testSize 200
585 	2417583.320 
585 	2345383.121 
585 	2416863.592 
585 	2341270.845 
Preblocks 14
testSize 100
676 	3295939.540 
676 	3296280.175 
676 	3288261.556 
676 	3293066.928 
testSize 200
676 	2332843.468 
676 	2336914.108 
676 	2350880.423 
676 	2353622.745 
Preblocks 15
testSize 100
686 	3297431.690 
686 	3290185.503 
686 	3301632.988 
686 	3293689.593 
testSize 200
686 	2341824.760 
686 	2332840.169 
686 	2354861.735 
686 	2332370.823 
Preblocks 16
testSize 100
701 	3298161.010 
701 	3300147.037 
701 	3295847.953 
701 	3289191.827 
testSize 200
701 	2332151.911 
701 	2335096.038 
701 	2344808.529 
701 	2335096.840 
Preblocks 17
testSize 100
710 	3289019.733 
710 	3287970.791 
710 	3290103.547 
710 	3298423.120 
testSize 200
710 	2340896.940 
710 	2336592.685 
710 	2348026.623 
710 	2384904.851 
Preblocks 18
testSize 100
726 	3290754.024 
726 	3294763.747 
726 	3295514.901 
726 	3296826.171 
testSize 200
726 	2347118.906 
726 	2332983.888 
726 	2392965.126 
726 	2340663.096 
Preblocks 19
testSize 100
742 	3296940.950 
742 	3296728.456 
742 	3288100.546 
742 	3295267.173 
testSize 200
742 	2332975.143 
742 	2333320.649 
742 	2341921.628 
742 	2367622.268 
Preblocks 20
testSize 100
746 	3288601.206 
746 	3291594.527 
746 	3295086.299 
746 	3288135.458 
testSize 200
746 	2353864.429 
746 	2333591.992 
746 	2347049.173 
746 	2332289.740 
Preblocks 21
testSize 100
795 	3288880.244 
795 	3288317.241 
795 	3287986.911 
795 	3296587.492 
testSize 200
795 	2334485.680 
795 	2332225.812 
795 	2348226.266 
795 	2332326.638 
Preblocks 22
testSize 100
812 	3294047.733 
812 	3296474.262 
812 	3289065.939 
812 	3297677.786 
testSize 200
812 	2333095.194 
812 	2332702.018 
812 	2349699.873 
812 	2346396.448 
Preblocks 23
testSize 100
869 	3289517.203 
869 	3291812.413 
869 	3289197.753 
869 	3289537.736 
testSize 200
869 	2333890.416 
869 	2362728.927 
869 	2349969.409 
869 	2334774.133 
Preblocks 24
testSize 100
881 	3288273.285 
881 	3295846.660 
881 	3288190.016 
881 	3287564.444 
testSize 200
881 	2354312.125 
881 	2332263.432 
881 	2338544.363 
881 	2332624.180 
Preblocks 25
testSize 100
933 	3289361.592 
933 	3292708.534 
933 	3289349.510 
933 	3296873.352 
testSize 200
933 	2337666.538 
933 	2333306.288 
933 	2352344.277 
933 	2338794.506 
Preblocks 26
testSize 100
1014 	3299369.060 
1014 	3290653.831 
1014 	3288444.051 
1014 	3290309.379 
testSize 200
1014 	2333941.031 
1014 	2333708.883 
1014 	2332607.627 
1014 	2335882.188 
Preblocks 27
testSize 100
1116 	3287956.551 
1116 	3292244.487 
1116 	3288296.123 
1116 	3288592.399 
testSize 200
1116 	2333080.350 
1116 	2332264.379 
1116 	2333009.924 
1116 	2333029.316 
Preblocks 28
testSize 100
1138 	3289248.128 
1138 	3298836.026 
1138 	3289184.096 
1138 	3288361.821 
testSize 200
1138 	2335085.239 
1138 	2334748.406 
1138 	2338709.019 
1138 	2332237.147 
Preblocks 29
testSize 100
1269 	3300517.156 
1269 	3293474.754 
1269 	3293844.341 
1269 	3300499.433 
testSize 200
1269 	2334984.615 
1269 	2337480.702 
1269 	2333350.161 
1269 	2332427.292 
Preblocks 30
testSize 100
1283 	3291824.342 
1283 	3289576.548 
1283 	3293589.191 
1283 	3291104.809 
testSize 200
1283 	2334527.764 
1283 	2332767.817 
1283 	2332386.623 
1283 	2332241.880 
Preblocks 31
testSize 100
1308 	3290018.792 
1308 	3291271.049 
1308 	3297432.839 
1308 	3290731.122 
testSize 200
1308 	2332884.553 
1308 	2334708.905 
1308 	2333005.126 
1308 	2334109.705 
Preblocks 32
testSize 100
1370 	3300599.869 
1370 	3298792.334 
1370 	3288646.548 
1370 	3292945.261 
testSize 200
1370 	2333745.406 
1370 	2333909.292 
1370 	2332323.746 
1370 	2333000.379 
Preblocks 33
testSize 100
1426 	3300920.741 
1426 	3297461.097 
1426 	3289429.209 
1426 	3290753.288 
testSize 200
1426 	2333586.212 
1426 	2333449.779 
1426 	2334444.789 
1426 	2332277.957 
Preblocks 34
testSize 100
1507 	3291793.249 
1507 	3300364.068 
1507 	3295802.617 
1507 	3295915.587 
testSize 200
1507 	2333029.127 
1507 	2334678.359 
1507 	2332528.218 
1507 	2332335.123 
Preblocks 35
testSize 100
1512 	3291751.201 
1512 	3300526.371 
1512 	3294945.510 
1512 	3296482.706 
testSize 200
1512 	2332339.813 
1512 	2334514.208 
1512 	2332574.892 
1512 	2337702.383 
Preblocks 36
testSize 100
1568 	3300555.007 
1568 	3301205.306 
1568 	3294141.610 
1568 	3293497.394 
testSize 200
1568 	2332949.685 
1568 	2332213.768 
1568 	2332368.625 
1568 	2332477.803 
Preblocks 37
testSize 100
1576 	3301075.992 
1576 	3292310.926 
1576 	3300609.575 
1576 	3295024.978 
testSize 200
1576 	2332232.073 
1576 	2334034.552 
1576 	2332751.755 
1576 	2333141.308 
Preblocks 38
testSize 100
1585 	3300382.395 
1585 	3292941.145 
1585 	3300577.778 
1585 	3299475.843 
testSize 200
1585 	2332274.465 
1585 	2334805.146 
1585 	2333288.253 
1585 	2332239.886 
Preblocks 39
testSize 100
1601 	3300438.641 
1601 	3297979.639 
1601 	3293863.812 
1601 	3297571.606 
testSize 200
1601 	2332527.237 
1601 	2332102.501 
1601 	2332479.339 
1601 	2332215.310 
Preblocks 40
testSize 100
1631 	3300950.240 
1631 	3298930.502 
1631 	3292543.099 
1631 	3295845.397 
testSize 200
1631 	2334442.004 
1631 	2332535.767 
1631 	2334541.761 
1631 	2332278.223 
Preblocks 41
testSize 100
1648 	3301334.218 
1648 	3301301.218 
1648 	3293678.241 
1648 	3291705.597 
testSize 200
1648 	2334298.140 
1648 	2334041.735 
1648 	2334433.345 
1648 	2332232.700 
Preblocks 42
testSize 100
1662 	3300229.878 
1662 	3301460.921 
1662 	3297443.172 
1662 	3293471.482 
testSize 200
1662 	2334537.015 
1662 	2332187.190 
1662 	2332330.739 
1662 	2334412.206 
Preblocks 43
testSize 100
1700 	3300261.712 
1700 	3300747.319 
1700 	3293723.166 
1700 	3300297.385 
testSize 200
1700 	2333035.421 
1700 	2332400.203 
1700 	2332665.069 
1700 	2332569.429 
Preblocks 44
testSize 100
1769 	3300038.388 
1769 	3301310.514 
1769 	3296654.161 
1769 	3294049.941 
testSize 200
1769 	2334532.794 
1769 	2333328.573 
1769 	2332554.104 
1769 	2332564.016 
Preblocks 45
testSize 100
1873 	3301084.346 
1873 	3298753.471 
1873 	3296863.141 
1873 	3296843.141 
testSize 200
1873 	2334866.018 
1873 	2332166.288 
1873 	2333087.372 
1873 	2332329.639 
Preblocks 46
testSize 100
1887 	3300286.060 
1887 	3301510.246 
1887 	3297008.082 
1887 	3297376.847 
testSize 200
1887 	2335216.300 
1887 	2335260.602 
1887 	2332586.172 
1887 	2334102.092 
Preblocks 47
testSize 100
1965 	3294078.833 
1965 	3301637.145 
1965 	3295786.162 
1965 	3300211.077 
testSize 200
1965 	2333853.307 
1965 	2332283.690 
1965 	2333970.137 
1965 	2334432.945 
Preblocks 48
testSize 100
1969 	3301820.928 
1969 	3292014.023 
1969 	3295251.270 
1969 	3294751.749 
testSize 200
1969 	2333670.366 
1969 	2334121.663 
1969 	2333727.334 
1969 	2333381.496 
Preblocks 49
testSize 100
2049 	3299333.345 
2049 	3293613.533 
2049 	3297662.667 
2049 	3298299.667 
testSize 200
2049 	2335110.310 
2049 	2334028.783 
2049 	2332303.544 
2049 	2334739.205 
Preblocks 50
testSize 100
2081 	3302220.253 
2081 	3299174.739 
2081 	3300790.652 
2081 	3294669.559 
testSize 200
2081 	2333419.729 
2081 	2333100.088 
2081 	2333001.584 
2081 	2332610.709 
Preblocks 51
testSize 100
2222 	3298265.464 
2222 	3302411.533 
2222 	3298397.112 
2222 	3293404.094 
testSize 200
2222 	2335154.134 
2222 	2335526.622 
2222 	2333145.746 
2222 	2334684.246 
Preblocks 52
testSize 100
2238 	3299941.766 
2238 	3300380.460 
2238 	3300597.581 
2238 	3301819.924 
testSize 200
2238 	2335481.235 
2238 	2335406.628 
2238 	2334565.727 
2238 	2334226.520 
Preblocks 53
testSize 100
2283 	3299115.067 
2283 	3300982.401 
2283 	3299303.921 
2283 	3298811.610 
testSize 200
2283 	2334213.073 
2283 	2332191.525 
2283 	2333787.716 
2283 	2332745.968 
Preblocks 54
testSize 100
2315 	3302349.196 
2315 	3301703.457 
2315 	3296082.402 
2315 	3301430.871 
testSize 200
2315 	2334865.931 
2315 	2333884.845 
2315 	2333590.553 
2315 	2334316.187 
Preblocks 55
testSize 100
2350 	3301038.404 
2350 	3302441.946 
2350 	3298615.284 
2350 	3298637.168 
testSize 200
2350 	2333891.023 
2350 	2334424.455 
2350 	2332477.414 
2350 	2332333.396 
Preblocks 56
testSize 100
2364 	3301023.173 
2364 	3300728.844 
2364 	3300434.173 
2364 	3302015.659 
testSize 200
2364 	2335174.484 
2364 	2335546.028 
2364 	2334194.866 
2364 	2333136.277 
Preblocks 57
testSize 100
2437 	3302065.693 
2437 	3299399.132 
2437 	3301335.046 
2437 	3301292.029 
testSize 200
2437 	2334753.019 
2437 	2335084.915 
2437 	2333851.896 
2437 	2335504.204 
Preblocks 58
testSize 100
2475 	3302216.881 
2475 	3296318.798 
2475 	3300422.685 
2475 	3298847.037 
testSize 200
2475 	2335331.225 
2475 	2335689.749 
2475 	2334679.087 
2475 	2332701.744 
Preblocks 59
testSize 100
2593 	3302485.715 
2593 	3301509.894 
2593 	3298897.604 
2593 	3299915.387 
testSize 200
2593 	2334489.627 
2593 	2334754.860 
2593 	2333706.103 
2593 	2334481.369 
Preblocks 60
testSize 100
2626 	3300673.618 
2626 	3302788.911 
2626 	3299594.644 
2626 	3299688.892 
testSize 200
2626 	2334704.277 
2626 	2333938.635 
2626 	2334053.745 
2626 	2335572.293 
Preblocks 61
testSize 100
2698 	3299065.259 
2698 	3302894.153 
2698 	3298851.013 
2698 	3297302.287 
testSize 200
2698 	2333644.690 
2698 	2335156.893 
2698 	2334413.881 
2698 	2334094.371 
Preblocks 62
testSize 100
2702 	3302252.397 
2702 	3300317.110 
2702 	3299316.601 
2702 	3302496.479 
testSize 200
2702 	2335750.288 
2702 	2335565.754 
2702 	2335527.136 
2702 	2335555.688 
Preblocks 63
testSize 100
2743 	3302609.857 
2743 	3298132.483 
2743 	3299896.100 
2743 	3302422.028 
testSize 200
2743 	2335052.779 
2743 	2335587.730 
2743 	2335488.897 
2743 	2333738.351 
Preblocks 64
testSize 100
2883 	3301295.342 
2883 	3302756.770 
2883 	3299996.567 
2883 	3297466.373 
testSize 200
2883 	2335892.127 
2883 	2335963.959 
2883 	2334775.450 
2883 	2333890.670 
Preblocks 65
testSize 100
3009 	3301755.995 
3009 	3301674.649 
3009 	3300696.947 
3009 	3300103.110 
testSize 200
3009 	2334722.681 
3009 	2334195.782 
3009 	2334999.514 
3009 	2334741.246 
Preblocks 66
testSize 100
3020 	3301969.267 
3020 	3301403.337 
3020 	3300867.426 
3020 	3300132.691 
testSize 200
3020 	2335092.062 
3020 	2335396.721 
3020 	2334617.945 
3020 	2334392.529 
Preblocks 67
testSize 100
3059 	3301897.757 
3059 	3301881.875 
3059 	3300732.218 
3059 	3301379.737 
testSize 200
3059 	2335164.463 
3059 	2334942.340 
3059 	2334449.509 
3059 	2334862.758 
Preblocks 68
testSize 100
3155 	3301910.590 
3155 	3302348.032 
3155 	3300307.599 
3155 	3298824.379 
testSize 200
3155 	2335368.781 
3155 	2335039.414 
3155 	2334567.422 
3155 	2334829.344 
Preblocks 69
testSize 100
3231 	3301432.896 
3231 	3301532.074 
3231 	3300557.008 
3231 	3301817.033 
testSize 200
3231 	2335448.760 
3231 	2335589.384 
3231 	2335191.570 
3231 	2334481.797 
Preblocks 70
testSize 100
3381 	3302103.270 
3381 	3301773.677 
3381 	3301327.044 
3381 	3301743.626 
testSize 200
3381 	2335308.659 
3381 	2335487.624 
3381 	2334845.588 
3381 	2335116.221 
Preblocks 71
testSize 100
3396 	3301966.385 
3396 	3301452.994 
3396 	3301299.896 
3396 	3301534.129 
testSize 200
3396 	2335286.720 
3396 	2335497.678 
3396 	2334860.775 
3396 	2334703.058 
Preblocks 72
testSize 100
3423 	3302225.591 
3423 	3302331.304 
3423 	3301618.954 
3423 	3301776.021 
testSize 200
3423 	2335094.438 
3423 	2335485.355 
3423 	2334627.072 
3423 	2335123.117 
Preblocks 73
testSize 100
3476 	3301470.495 
3476 	3302425.369 
3476 	3301429.088 
3476 	3301117.961 
testSize 200
3476 	2335094.474 
3476 	2334524.660 
3476 	2335048.402 
3476 	2334942.336 
Preblocks 74
testSize 100
3566 	3302106.705 
3566 	3302343.661 
3566 	3301574.698 
3566 	3301583.378 
testSize 200
3566 	2335369.292 
3566 	2335583.401 
3566 	2335167.507 
3566 	2335219.280 
Preblocks 75
testSize 100
3579 	3302193.917 
3579 	3301154.446 
3579 	3301533.023 
3579 	3300988.243 
testSize 200
3579 	2335452.264 
3579 	2335646.005 
3579 	2335087.348 
3579 	2334235.961 
Preblocks 76
testSize 100
3606 	3302283.400 
3606 	3302666.078 
3606 	3301832.498 
3606 	3301807.487 
testSize 200
3606 	2335426.901 
3606 	2335522.916 
3606 	2334870.377 
3606 	2335008.695 
Preblocks 77
testSize 100
3685 	3302026.100 
3685 	3302408.787 
3685 	3301081.015 
3685 	3300974.862 
testSize 200
3685 	2335368.511 
3685 	2335413.935 
3685 	2334958.294 
3685 	2335087.355 