516738
[4.92136009 4.92136009 1.76775506 1.1827046  1.00620886 1.00620886
 1.00620886 1.00620886 1.00620886 1.00620886 1.00620886 1.00620886
 1.00620886 1.00620886]
516739
[4.91932683 4.91932683 1.76778222 1.18273857 1.00616228 1.00616228
 1.00616228 1.00616228 1.00616228 1.00616228 1.00616228 1.00616228
 1.00616228 1.00616228]
516740
[4.9189502  4.9189502  1.76778461 1.18273857 1.00615007 1.00615007
 1.00615007 1.00615007 1.00615007 1.00615007 1.00615007 1.00615007
 1.00615007 1.00615007]
516741
[6.44319487 6.44319487 1.76779253 1.18278941 1.00609971 1.00609971
 1.00609971 1.00609971 1.00609971 1.00609971 1.00609971 1.00609971
 1.00609971 1.00609971]
516742
[5.36871399 5.36871399 3.37760084 1.18278941 1.00609478 1.00609478
 1.00609478 1.00609478 1.00609478 1.00609478 1.00609478 1.00609478
 1.00609478 1.00609478]
516743
[49.40502214 49.40502214  3.37760084  3.37760084  1.00609478  1.00609478
  1.00609478  1.00609478  1.00609478  1.00609478  1.00609478  1.00609478
  1.00609478  1.00609478]
516744
[39.61958348 39.61958348 39.61958348  3.37817305  3.37817305  1.00605546
  1.00605546  1.00605546  1.00605546  1.00605546  1.00605546  1.00605546
  1.00605546  1.00605546]
516745
[39.62286217 39.62286217 20.22401156 20.22401156  3.37788729  3.37788729
  1.00602213  1.00602213  1.00602213  1.00602213  1.00602213  1.00602213
  1.00602213  1.00602213]
516746
[39.62276232 39.62276232 20.22247234  9.75606227  9.75606227  3.37781499
  3.37781499  1.0060252   1.0060252   1.0060252   1.0060252   1.0060252
  1.0060252   1.0060252 ]
516747
[39.62052914 39.62052914 20.22035742  9.75582712  5.98340485  5.36918439
  3.37782324  3.37782324  1.00599061  1.00599061  1.00599061  1.00599061
  1.00599061  1.00599061]
516748
[39.62393064 39.62393064 20.21268006  9.75035664  5.36913111  5.36913111
  5.36913111  3.37819065  3.37819065  1.00598114  1.00598114  1.00598114
  1.00598114  1.00598114]
516749
[39.62278358 39.62278358 20.21151297  9.74997578  5.36941366  5.36941366
  5.36941366  5.36941366  4.4143952   3.38176155  1.00596622  1.00596622
  1.00596622  1.00596622]
516750
[39.62155752 39.62155752 20.21033597  9.75004043  5.36885794  5.36885794
  5.36885794  5.36885794  5.36885794  5.36885794  2.03137594  1.00599709
  1.00599709  1.00599709]
516751
[39.62723587 39.62723587 20.20924753  9.7516678   5.36920308  5.36920308
  5.36920308  5.36920308  3.38053609  2.03138038  1.08983702  1.08983702
  1.00598329  1.00598329]
516752
[39.6295383  39.6295383  20.20854451  9.75068014  5.36828075  5.36828075
  5.36828075  5.36828075  3.38053609  2.03142021  1.1832304   1.1832304
  1.00599342  1.00599342]
516753
[39.62740194 39.62740194 20.2081063   9.75034408  5.36859283  5.36859283
  5.36859283  5.36859283  3.37983664  2.0313663   1.08830017  1.00599748
  1.00599748  1.00599748]
516754
[39.63724897 39.63724897 20.2056272   9.74952633  5.36972725  5.36972725
  5.36972725  5.36972725  3.37966732  2.03140054  1.0882992   1.00598877
  1.00598877  1.00598877]
516755
[39.64046838 39.64046838 15.23558651  9.74876218  5.36926218  5.36926218
  5.36926218  5.36926218  3.37957501  2.03134329  1.08833214  1.00600564
  1.00600564  1.00600564]
516756
[39.6418484  39.6418484  15.23323543  9.74782696  5.36907186  5.36907186
  5.36907186  5.36907186  3.37920711  2.03133751  1.08833214  1.00603512
  1.00603512  1.00603512]
516757
[39.64067449 39.64067449 15.23131081  9.74766913  5.36922841  5.36922841
  5.36922841  5.36922841  3.37949052  2.03121924  1.08839544  1.00602691
  1.00602691  1.00602691]
516758
[39.64253151 39.64253151 15.22816607  9.74653793  5.36953204  5.36953204
  5.36953204  5.36953204  3.37895426  2.03133072  1.08956061  1.00601872
  1.00601872  1.00601872]
516759
[39.64128227 39.64128227 15.2214214   9.74693337  5.36958275  5.36958275
  5.36958275  5.36958275  3.37841659  2.03128789  1.08967517  1.00602106
  1.00602106  1.00602106]
516760
[39.64191157 39.64191157 15.22028269  9.74285449  5.36984212  5.36984212
  5.36984212  5.36984212  3.37767966  2.0316423   1.09318892  1.00602986
  1.00602986  1.00602986]
516761
[39.64312094 39.64312094 15.22210197  9.74296239  5.37032874  5.37032874
  5.37032874  5.37032874  3.37688219  2.03151693  1.09316312  1.00599743
  1.00599743  1.00599743]
516762
[39.64526544 39.64526544 15.22607449  9.73260953  5.37195982  5.37195982
  5.37195982  5.37195982  3.37688219  2.0316113   1.09303177  1.00602487
  1.00602487  1.00602487]
516763
[39.64702393 39.64702393 15.22690882  9.73101043  5.37272691  5.37272691
  5.37272691  5.37272691  3.37666294  2.03153807  1.09303177  1.00601737
  1.00601737  1.00601737]
516764
[39.65360025 39.65360025 15.22945155  9.71608606  5.3725662   5.3725662
  5.3725662   5.3725662   3.3761177   2.03132308  1.09311255  1.00601755
  1.00601755  1.00601755]
516765
[39.6541493  39.6541493  15.22984133  9.71518346  5.37249155  5.37249155
  5.37249155  5.37249155  3.37672098  2.03153149  1.09312849  1.00606852
  1.00606852  1.00606852]
516766
[39.6541493  39.6541493  15.22995576  9.71526493  5.37292149  5.37292149
  5.37292149  5.37292149  3.37672098  2.03153149  1.09314778  1.00607616
  1.00607616  1.00607616]
516767
[39.6616155  39.6616155  15.22919684  9.70964058  5.37230017  5.37230017
  5.37230017  5.37230017  3.37736152  2.03157853  1.09322917  1.00606462
  1.00606462  1.00606462]
516768
[39.66619473 39.66619473 15.22688343  9.70467939  5.37064834  5.37064834
  5.37064834  5.37064834  4.41773848  2.03133257  1.09298016  1.00607064
  1.00607064  1.00607064]
516769
[39.67804834 39.67804834 15.2314377   9.69946565  5.36978738  5.36978738
  5.36978738  5.36978738  4.416841    2.03136142  1.09303246  1.00607498
  1.00607498  1.00607498]
516770
[39.68068155 39.68068155 15.23117253  9.69868214  5.36969552  5.36969552
  5.36969552  5.36969552  4.41672793  2.03100024  1.09283915  1.00620278
  1.00620278  1.00620278]
516771
[39.68686899 39.68686899 15.233658    9.69600174  5.37052994  5.37052994
  5.37052994  5.37052994  4.41578748  2.03100063  1.09260828  1.00628781
  1.00628781  1.00628781]
516772
[39.68562201 39.68562201 15.23227328  9.69452062  5.3703892   5.3703892
  5.3703892   5.3703892   4.41526452  2.03100063  1.09253024  1.00636837
  1.00636837  1.00636837]
516773
[39.68634779 39.68634779 15.23447827  9.69261702  5.37086403  5.37086403
  5.37086403  5.37086403  4.41569717  2.03111079  1.09046064  1.00645243
  1.00645243  1.00645243]
516774
[39.68723369 39.68723369 15.23486164  9.69035569  5.37085384  5.37085384
  5.37085384  5.37085384  4.41563561  2.03111079  1.08850922  1.00642589
  1.00642589  1.00642589]
516775
[39.6932121  39.6932121  15.24024696  9.68884601  5.37140791  5.37140791
  5.37140791  5.37140791  4.41268102  2.03121975  1.08769523  1.00659132
  1.00659132  1.00659132]
516776
[39.69763369 39.69763369 15.24463843  9.69026372  5.3713778   5.3713778
  5.3713778   5.3713778   4.41267417  2.03115489  1.08755349  1.00660623
  1.00660623  1.00660623]
516777
[39.70111487 39.70111487 15.24416826  9.68888865  5.3810035   5.3810035
  5.3810035   5.3810035   4.41309776  2.03114     1.08748552  1.00660623
  1.00660623  1.00660623]
516778
[39.70607484 39.70607484 15.24717378  9.68841128  5.38415131  5.38415131
  5.38415131  5.38415131  4.41330166  2.03090706  1.08662931  1.006721
  1.006721    1.006721  ]
516779
[39.70863169 39.70863169 12.91853558  9.68941548  5.38500441  5.38500441
  5.38500441  5.38500441  4.41277592  2.03069073  1.08086594  1.00691326
  1.00691326  1.00691326]
516780
[39.70980524 39.70980524 12.91975468  9.68953107  5.38610895  5.38610895
  5.38610895  5.38610895  4.41210405  2.03065672  1.08090219  1.00707502
  1.00707502  1.00707502]
516781
[39.71786362 39.71786362 15.25087612  9.68950787  5.38613631  5.38613631
  5.38613631  5.38613631  4.41039719  2.0306582   1.08091319  1.00699687
  1.00699687  1.00699687]
516782
[39.72278153 39.72278153 15.25198623  9.69017788  5.38657247  5.38657247
  5.38657247  5.38657247  4.40909172  2.03027011  1.08127616  1.00698944
  1.00698944  1.00698944]
516783
[39.72285561 39.72285561 12.91547187  9.69047459  5.38567512  5.38567512
  5.38567512  5.38567512  4.40872152  2.03027011  1.08113169  1.00698769
  1.00698769  1.00698769]
516784
[39.72285561 39.72285561 12.91576659  9.69055349  5.38558719  5.38558719
  5.38558719  5.38558719  4.40884857  2.03034864  1.0801944   1.00699497
  1.00699497  1.00699497]
516785
[39.7314672  39.7314672  15.25913796  9.69222481  5.38594438  5.38594438
  5.38594438  5.38594438  4.40725232  2.03039444  1.07961781  1.00698929
  1.00698929  1.00698929]
516786
[39.73155891 39.73155891 15.25962856  9.69410036  5.38582363  5.38582363
  5.38582363  5.38582363  4.40666371  2.03070907  1.07931254  1.00699349
  1.00699349  1.00699349]
516787
[39.73443423 39.73443423 15.25991393  9.69461222  5.3858168   5.3858168
  5.3858168   5.3858168   4.40624786  2.03072599  1.07931254  1.00699092
  1.00699092  1.00699092]
516788
[39.73664564 39.73664564 15.26022706  9.69551332  5.38591776  5.38591776
  5.38591776  5.38591776  4.4060892   2.03050835  1.07927543  1.00697995
  1.00697995  1.00697995]
516789
[39.73922818 39.73922818 12.91920111  9.69629182  5.38595042  5.38595042
  5.38595042  5.38595042  4.4054003   2.03014912  1.07934222  1.00698486
  1.00698486  1.00698486]
516790
[39.74026464 39.74026464 12.91771581  9.69679855  5.38538566  5.38538566
  5.38538566  5.38538566  4.40415157  2.02986691  1.07926323  1.00699756
  1.00699756  1.00699756]
516791
[39.74335469 39.74335469 12.91754122  9.69722417  5.38474852  5.38474852
  5.38474852  5.38474852  4.40305203  2.02973278  1.07926388  1.00703345
  1.00703345  1.00703345]
516792
[39.74764014 39.74764014 12.91919742  9.69768349  5.38431803  5.38431803
  5.38431803  4.4029856   4.4029856   2.02978395  1.07926272  1.00703579
  1.00703579  1.00703579]
516793
[39.74817507 39.74817507 12.91986414  9.69883597  5.38446363  5.38446363
  5.38446363  4.40276074  4.40276074  2.02979562  1.07926272  1.00703332
  1.00703332  1.00703332]
516794
[39.74887722 39.74887722 12.9197179   9.69832116  5.38428294  5.38428294
  5.38428294  4.40278504  4.40278504  2.02959116  1.00705083  1.00705083
  1.00705083  1.00705083]
516795
[39.75187825 39.75187825 12.91887886  9.69905175  5.38449134  5.38449134
  5.38449134  4.40261718  4.40261718  2.02995392  1.00701888  1.00701888
  1.00701888  1.00701888]
516796
[39.75405935 39.75405935 12.91951908  9.69904972  5.38409908  5.38409908
  4.40007646  4.40007646  4.40007646  2.02986047  1.00698816  1.00698816
  1.00698816  1.00698816]
516797
[39.75164812 39.75164812 12.9192572   9.69998527  5.38393974  5.38393974
  5.38393974  4.40165552  4.40165552  2.02994398  1.00703647  1.00703647
  1.00703647  1.00703647]
516798
[39.75824326 39.75824326 12.91993056  9.6981106   5.38246217  4.40166864
  4.40166864  4.40166864  4.40166864  2.02994398  1.0070333   1.0070333
  1.0070333   1.0070333 ]
516799
[39.75828992 39.75828992 12.9219029   9.69769425  5.38251054  5.00458062
  4.408487    4.408487    4.408487    2.02991304  1.00701636  1.00701636
  1.00701636  1.00701636]
516800
[39.76398795 39.76398795 12.92204353  9.69886117  5.38141422  5.00547204
  5.00547204  4.41101905  4.41101905  2.029876    1.00698442  1.00698442
  1.00698442  1.00698442]
516801
[39.76472573 39.76472573 12.92282057  9.69953604  5.38092356  5.00633774
  5.00633774  4.41126704  4.41126704  2.02989704  1.00700182  1.00700182
  1.00700182  1.00700182]
516802
[39.76572914 39.76572914 12.92282057  9.69967923  5.38097312  5.00634535
  5.00634535  4.41220688  4.41220688  2.02990625  1.00699919  1.00699919
  1.00699919  1.00699919]
516803
[39.76891883 39.76891883 12.92350387  9.69988487  5.380319    5.00667139
  5.00667139  4.41227036  4.41227036  2.02985859  1.00699471  1.00699471
  1.00699471  1.00699471]
516804
[39.77070865 39.77070865 12.92365745  9.69959055  5.37920903  5.00669241
  5.00669241  4.41771709  4.41771709  2.02998397  1.00698757  1.00698757
  1.00698757  1.00698757]
516805
[39.77428357 39.77428357 12.92283891  9.69954355  5.37896774  5.00723215
  5.00723215  4.41767418  4.41767418  2.02979838  1.00696097  1.00696097
  1.00696097  1.00696097]
516806
[39.77059291 39.77059291 12.92236307  9.69867686  5.3790282   5.00718617
  5.00718617  4.42665858  4.42665858  2.02997403  1.00697072  1.00697072
  1.00697072  1.00697072]
516807
[39.77643874 39.77643874 12.92196635  9.6987092   5.37882985  5.00761345
  5.00761345  4.42709733  4.42709733  2.02994981  1.0069806   1.0069806
  1.0069806   1.0069806 ]
516808
[39.77631984 39.77631984 12.92268799  9.69774184  5.37904158  5.00752371
  5.00752371  4.43285704  4.43285704  2.0295831   1.08008757  1.00701193
  1.00701193  1.00701193]
516809
[39.77652072 39.77652072 12.92256296  9.69823085  5.37881934  5.00771442
  5.00771442  4.43350182  4.43350182  2.02956122  1.08021275  1.00700781
  1.00700781  1.00700781]
516810
[39.78145282 39.78145282 12.92159486  9.69736016  5.37881896  5.00790422
  5.00790422  4.43350182  4.43350182  2.02956122  1.00700781  1.00700781
  1.00700781  1.00700781]
516811
[39.78315428 39.78315428 12.92083199  9.6984658   5.37761869  5.00904462
  5.00904462  5.00904462  4.44002811  2.02960788  1.08030851  1.00704752
  1.00704752  1.00704752]
516812
[39.79930968 39.79930968 12.92156205  9.69735384  5.3763729   5.00982748
  5.00982748  5.00982748  4.44023376  2.02956535  1.08021105  1.00702416
  1.00702416  1.00702416]
516813
[39.80979151 39.80979151 12.91737332  9.6969174   5.37613275  5.01014193
  5.01014193  5.01014193  5.01014193  2.02972891  1.00699735  1.00699735
  1.00699735  1.00699735]
516814
[39.82919753 39.82919753 12.91809836  9.69596818  5.37606623  5.01070314
  5.01070314  5.01070314  5.01070314  2.02892205  1.00697141  1.00697141
  1.00697141  1.00697141]
516815
[39.83617531 39.83617531 12.91885891  9.69573568  5.37667345  5.01226871
  5.01226871  5.01226871  5.01226871  2.02861703  1.00694171  1.00694171
  1.00694171  1.00694171]
516816
[39.84003241 39.84003241 12.91829997  9.69573115  5.37659306  5.01250835
  5.01250835  5.01250835  5.01250835  2.02856513  1.00694428  1.00694428
  1.00694428  1.00694428]
516817
[39.83976888 39.83976888 12.92315178  9.6939537   5.37586367  5.01265759
  5.01265759  5.01265759  5.01265759  2.02848631  1.00690972  1.00690972
  1.00690972  1.00690972]
516818
[39.85636867 39.85636867 12.9189738   9.69224482  5.37511447  5.0155732
  5.0155732   5.0155732   5.0155732   2.02846503  1.00691024  1.00691024
  1.00691024  1.00691024]
516819
[39.85511388 39.85511388 12.91840153  9.69165172  5.37534972  5.01730757
  5.01730757  5.01730757  5.01730757  4.47075764  1.00690283  1.00690283
  1.00690283  1.00690283]
516820
[39.85193257 39.85193257 15.27374527  9.69041952  5.37502673  5.01913064
  5.01913064  5.01913064  5.01913064  4.46840187  1.31084371  1.00700303
  1.00700303  1.00700303]
516821
[39.86565994 39.86565994 15.27328669  9.68980207  5.3744516   5.02148079
  5.02148079  5.02148079  5.02148079  4.46633149  1.31081815  1.00700211
  1.00700211  1.00700211]
516822
[39.86652383 39.86652383 15.27328349  9.69004936  5.37422774  5.02344862
  5.02344862  5.02344862  5.02344862  4.4652678   1.31044754  1.00695573
  1.00695573  1.00695573]
516823
[39.87643878 39.87643878 15.27478452  9.690505    5.37351835  5.02474084
  5.02474084  5.02474084  5.02474084  4.46186242  1.31017252  1.00696064
  1.00696064  1.00696064]
516824
[39.87807928 39.87807928 15.27450464  9.69035978  5.37368084  5.02497543
  5.02497543  5.02497543  5.02497543  4.46055793  1.00689629  1.00689629
  1.00689629  1.00689629]
516825
[39.88415091 39.88415091 15.27441832  9.69002705  5.37394732  5.02709384
  5.02709384  5.02709384  5.02709384  4.45894813  1.31168684  1.00688503
  1.00688503  1.00688503]
516826
[39.88471785 39.88471785 12.91339239  9.68823319  5.3738372   5.027677
  5.027677    5.027677    5.027677    4.45894813  1.31168684  1.00688503
  1.00688503  1.00688503]
516827
[39.93262418 39.93262418 12.91476001  9.6897552   5.37413005  5.03087288
  5.03087288  5.03087288  5.03087288  4.45523435  1.31147799  1.0068846
  1.0068846   1.0068846 ]
516828
[39.93516083 39.93516083 12.91538013  9.68874043  5.37381059  5.03342955
  5.03342955  5.03342955  5.03342955  4.44957294  1.00672565  1.00672565
  1.00672565  1.00672565]
516829
[39.94681801 39.94681801 12.91689668  9.68860314  5.37302965  5.03495725
  5.03495725  5.03495725  5.03495725  4.44461905  1.31502757  1.00687421
  1.00687421  1.00687421]
516830
[39.96710333 39.96710333 12.91503308  9.68917832  5.37298663  5.03712852
  5.03712852  5.03712852  5.03712852  4.44029204  1.31527628  1.00691206
  1.00691206  1.00691206]
516831
[40.0107184  40.0107184  15.27085209  9.68676717  5.03605241  5.03605241
  5.03605241  5.03605241  5.03605241  4.43765732  1.31472638  1.00697413
  1.00697413  1.00697413]
516832
[40.01566542 40.01566542 15.26964787  9.6858077   5.03658244  5.03658244
  5.03658244  5.03658244  5.03658244  4.4371386   1.00685588  1.00685588
  1.00685588  1.00685588]
516833
[40.01285373 40.01285373 15.26964787  9.68591429  5.03660436  5.03660436
  5.03660436  5.03660436  5.03660436  4.43717559  1.00682273  1.00682273
  1.00682273  1.00682273]
516834
[40.00116308 40.00116308 15.26938856  9.68618045  5.03686136  5.03686136
  5.03686136  5.03686136  5.03686136  4.43726604  1.00673628  1.00673628
  1.00673628  1.00673628]
516835
[15.26920328 15.26920328 15.26920328  9.68674477  5.03698161  5.03698161
  5.03698161  5.03698161  5.03698161  4.43719957  1.00671765  1.00671765
  1.00671765  1.00671765]
516836
[9.67798483 9.67798483 9.67798483 9.67798483 5.03735697 5.03735697
 5.03735697 5.03735697 5.03735697 4.43598452 1.00671077 1.00671077
 1.00671077 1.00671077]
516837
[7.86266729 7.86266729 7.86266729 5.3720402  5.03745085 5.03745085
 5.03745085 5.03745085 5.03745085 4.4357753  1.00669987 1.00669987
 1.00669987 1.00669987]
/jobfs/local/slurm/job8232109/slurm_script: line 13: /home/lzhang: Is a directory
